[ 0.          0.          0.          0.79565721 -0.685087  ]
[ 0.          0.          0.          0.79565721 -0.685087    1.30017685
  1.16104329]
[ 0.          0.          0.          0.79565721 -0.685087    1.30017685
  1.16104329  1.38618782 -0.03178317]
move to way point [0. 0. 0.]
move to way point [0.414 0.    0.   ]
new state: [ 0.02  0.    0.    0.81 -0.69  1.32  1.16  1.4  -0.03] 
new state: [ 0.04 -0.    0.    0.81 -0.69  1.32  1.16  1.4  -0.03] 
new state: [ 0.05 -0.    0.    0.82 -0.69  1.33  1.16  1.41 -0.03] 
new state: [ 0.06 -0.    0.    0.83 -0.69  1.33  1.16  1.42 -0.03] 
new state: [ 0.07 -0.    0.    0.84 -0.69  1.34  1.16  1.43 -0.03] 
new state: [ 0.08 -0.    0.    0.84 -0.69  1.35  1.16  1.43 -0.03] 
new state: [ 0.09 -0.    0.    0.85 -0.69  1.36  1.16  1.44 -0.03] 
new state: [ 0.1  -0.    0.    0.86 -0.69  1.37  1.16  1.45 -0.03] 
new state: [ 0.13  0.    0.    0.87 -0.69  1.37  1.16  1.45 -0.03] 
new state: [ 0.15  0.    0.    0.87 -0.69  1.37  1.16  1.46 -0.03] 
new state: [ 0.18 -0.    0.    0.87 -0.69  1.37  1.17  1.46 -0.03] 
new state: [ 0.21 -0.    0.    0.87 -0.69  1.37  1.17  1.46 -0.03] 
new state: [ 0.24 -0.    0.    0.87 -0.69  1.37  1.17  1.46 -0.03] 
new state: [ 0.26 -0.    0.    0.87 -0.69  1.37  1.17  1.46 -0.03] 
new state: [ 0.29 -0.01  0.    0.87 -0.69  1.36  1.17  1.45 -0.03] 
new state: [ 0.32 -0.01  0.    0.87 -0.69  1.36  1.17  1.45 -0.03] 
new state: [ 0.34 -0.01  0.    0.87 -0.69  1.35  1.17  1.45 -0.02] 
new state: [ 0.36 -0.01  0.    0.87 -0.69  1.35  1.17  1.45 -0.02] 
new state: [ 0.38 -0.01  0.    0.87 -0.69  1.35  1.17  1.44 -0.02] 
move to way point [0.414      0.         0.78539816]
new state: [ 0.39 -0.02  0.06  0.87 -0.69  1.35  1.17  1.43 -0.01] 
new state: [ 0.4  -0.04  0.12  0.87 -0.69  1.35  1.17  1.43  0.01] 
new state: [ 0.41 -0.05  0.17  0.87 -0.69  1.35  1.17  1.42  0.03] 
new state: [ 0.42 -0.07  0.23  0.87 -0.69  1.35  1.17  1.4   0.06] 
new state: [ 0.43 -0.09  0.28  0.87 -0.69  1.35  1.17  1.39  0.09] 
new state: [ 0.44 -0.1   0.32  0.87 -0.69  1.35  1.17  1.38  0.11] 
new state: [ 0.45 -0.12  0.37  0.87 -0.69  1.35  1.17  1.36  0.14] 
new state: [ 0.46 -0.13  0.41  0.87 -0.69  1.35  1.17  1.35  0.16] 
new state: [ 0.46 -0.13  0.45  0.87 -0.69  1.35  1.17  1.34  0.18] 
new state: [ 0.46 -0.12  0.49  0.87 -0.69  1.35  1.17  1.34  0.19] 
new state: [ 0.46 -0.11  0.53  0.87 -0.69  1.35  1.17  1.34  0.19] 
new state: [ 0.45 -0.1   0.56  0.87 -0.69  1.35  1.17  1.34  0.19] 
new state: [ 0.44 -0.08  0.59  0.87 -0.69  1.35  1.17  1.35  0.18] 
new state: [ 0.55 -0.08  0.62  0.87 -0.69  1.13  1.22  1.45  0.15] 
new state: [ 0.53 -0.07  0.65  0.87 -0.69  1.11  1.22  1.45  0.14] 
new state: [ 0.53 -0.06  0.67  0.87 -0.69  1.1   1.23  1.46  0.13] 
new state: [ 0.52 -0.05  0.7   0.87 -0.69  1.1   1.23  1.46  0.12] 
new state: [ 0.5  -0.03  0.72  0.87 -0.69  1.11  1.23  1.46  0.11] 
[ 0.50427164 -0.02991356  0.72111847  0.87379551 -0.69209134  1.1092334
  1.2334641   1.45566731  0.10969158  0.46222065  1.68176879]
new state: [ 0.5  -0.01  0.74  0.87 -0.69  1.16  1.22  1.45  0.06  0.42  1.7 ] 
new state: [ 0.48 -0.01  0.76  0.87 -0.69  1.16  1.22  1.45  0.06  0.42  1.7 ] 
new state: [ 0.48 -0.    0.78  0.87 -0.69  1.16  1.22  1.44  0.06  0.42  1.69] 
new state: [ 0.48 -0.    0.8   0.87 -0.69  1.16  1.23  1.44  0.06  0.42  1.69] 
new state: [ 0.47 -0.    0.81  0.87 -0.69  1.16  1.23  1.45  0.06  0.41  1.69] 
new state: [ 0.47 -0.    0.83  0.87 -0.69  1.16  1.24  1.45  0.07  0.41  1.69] 
new state: [ 0.48 -0.    0.84  0.87 -0.69  1.15  1.24  1.45  0.07  0.4   1.68] 
new state: [ 0.48 -0.    0.85  0.87 -0.69  1.14  1.24  1.45  0.08  0.39  1.68] 
new state: [ 0.49 -0.01  0.86  0.87 -0.69  1.14  1.24  1.45  0.09  0.38  1.68] 
new state: [ 0.49 -0.01  0.87  0.87 -0.69  1.13  1.25  1.45  0.09  0.37  1.67] 
new state: [ 0.49 -0.01  0.88  0.87 -0.69  1.12  1.25  1.46  0.1   0.36  1.67] 
new state: [ 0.5  -0.01  0.89  0.87 -0.69  1.11  1.25  1.46  0.11  0.35  1.67] 
new state: [ 0.5  -0.01  0.89  0.87 -0.69  1.11  1.26  1.46  0.12  0.34  1.66] 
new state: [ 0.5  -0.01  0.9   0.87 -0.69  1.1   1.26  1.46  0.12  0.33  1.66] 
new state: [ 0.5  -0.01  0.91  0.87 -0.69  1.09  1.26  1.46  0.13  0.32  1.66] 
new state: [ 0.5  -0.01  0.91  0.87 -0.69  1.09  1.26  1.46  0.13  0.31  1.66] 
new state: [ 0.5  -0.01  0.91  0.87 -0.69  1.08  1.27  1.46  0.14  0.3   1.66] 
new state: [ 0.5  -0.01  0.92  0.87 -0.69  1.07  1.27  1.46  0.14  0.29  1.65] 
new state: [ 0.5  -0.01  0.92  0.87 -0.69  1.07  1.27  1.46  0.15  0.29  1.65] 
new state: [ 0.5  -0.01  0.92  0.87 -0.69  1.06  1.27  1.46  0.15  0.28  1.65] 
new state: [ 0.5  -0.01  0.92  0.87 -0.69  1.06  1.28  1.46  0.15  0.27  1.65] 
new state: [ 0.49 -0.01  0.92  0.87 -0.69  1.05  1.28  1.46  0.16  0.27  1.65] 
new state: [ 0.49 -0.01  0.92  0.87 -0.69  1.05  1.28  1.46  0.16  0.26  1.65] 
new state: [ 0.49 -0.01  0.93  0.87 -0.69  1.05  1.28  1.46  0.16  0.26  1.65] 
new state: [ 0.49 -0.01  0.93  0.87 -0.69  1.04  1.28  1.45  0.16  0.25  1.65] 
new state: [ 0.48 -0.01  0.92  0.87 -0.69  1.04  1.29  1.45  0.17  0.25  1.65] 
new state: [ 0.48 -0.    0.92  0.87 -0.69  1.03  1.29  1.45  0.17  0.24  1.65] 
new state: [ 0.48 -0.    0.92  0.87 -0.69  1.03  1.29  1.44  0.17  0.24  1.66] 
new state: [ 0.47 -0.    0.92  0.87 -0.69  1.03  1.29  1.44  0.17  0.24  1.66] 
new state: [ 0.47  0.    0.92  0.87 -0.69  1.02  1.29  1.44  0.17  0.23  1.66] 
new state: [ 0.46  0.    0.92  0.87 -0.69  1.02  1.29  1.43  0.17  0.23  1.66] 
new state: [ 0.46  0.    0.92  0.87 -0.69  1.02  1.29  1.43  0.17  0.23  1.66] 
new state: [ 0.45  0.    0.91  0.87 -0.69  1.02  1.29  1.42  0.17  0.23  1.66] 
new state: [ 0.45  0.01  0.91  0.87 -0.69  1.01  1.29  1.42  0.17  0.23  1.67] 
new state: [ 0.44  0.01  0.91  0.87 -0.69  1.01  1.29  1.42  0.17  0.22  1.67] 
new state: [ 0.44  0.01  0.91  0.87 -0.69  1.01  1.29  1.41  0.17  0.22  1.67] 
new state: [ 0.43  0.01  0.9   0.87 -0.69  1.01  1.3   1.41  0.17  0.22  1.67] 
new state: [ 0.43  0.01  0.9   0.87 -0.69  1.01  1.3   1.4   0.17  0.22  1.67] 
new state: [ 0.43  0.01  0.9   0.87 -0.69  1.    1.3   1.4   0.17  0.22  1.68] 
new state: [ 0.42  0.02  0.89  0.87 -0.69  1.    1.3   1.39  0.17  0.22  1.68] 
new state: [ 0.42  0.02  0.89  0.87 -0.69  1.    1.3   1.39  0.17  0.22  1.68] 
new state: [ 0.41  0.02  0.89  0.87 -0.69  1.    1.3   1.39  0.17  0.22  1.68] 
new state: [ 0.41  0.02  0.89  0.87 -0.69  1.    1.3   1.38  0.17  0.22  1.69] 
new state: [ 0.4   0.02  0.88  0.87 -0.69  1.    1.3   1.38  0.16  0.22  1.69] 
new state: [ 0.4   0.02  0.88  0.87 -0.69  1.    1.3   1.37  0.16  0.22  1.69] 
new state: [ 0.4   0.03  0.88  0.87 -0.69  1.    1.3   1.37  0.16  0.22  1.69] 
new state: [ 0.39  0.03  0.87  0.87 -0.69  1.    1.3   1.37  0.16  0.22  1.69] 
new state: [ 0.39  0.03  0.87  0.87 -0.69  1.    1.29  1.36  0.16  0.22  1.7 ] 
new state: [ 0.38  0.03  0.87  0.87 -0.69  1.    1.29  1.36  0.16  0.22  1.7 ] 
new state: [ 0.38  0.03  0.86  0.87 -0.69  1.    1.29  1.35  0.16  0.23  1.7 ] 
new state: [ 0.38  0.03  0.86  0.87 -0.69  1.    1.29  1.35  0.15  0.23  1.7 ] 
new state: [ 0.37  0.03  0.86  0.87 -0.69  1.    1.29  1.35  0.15  0.23  1.7 ] 
new state: [ 0.37  0.03  0.86  0.87 -0.69  1.    1.29  1.34  0.15  0.23  1.71] 
new state: [ 0.37  0.03  0.85  0.87 -0.69  1.    1.29  1.34  0.15  0.23  1.71] 
new state: [ 0.36  0.04  0.85  0.87 -0.69  1.    1.29  1.34  0.15  0.23  1.71] 
new state: [ 0.36  0.04  0.85  0.87 -0.69  1.    1.29  1.33  0.15  0.23  1.71] 
new state: [ 0.36  0.04  0.84  0.87 -0.69  1.    1.29  1.33  0.15  0.24  1.71] 
new state: [ 0.36  0.04  0.84  0.87 -0.69  1.    1.29  1.33  0.14  0.24  1.71] 
new state: [ 0.35  0.04  0.84  0.87 -0.69  1.    1.29  1.33  0.14  0.24  1.71] 
new state: [ 0.35  0.04  0.84  0.87 -0.69  1.    1.29  1.32  0.14  0.24  1.72] 
new state: [ 0.35  0.04  0.83  0.87 -0.69  1.    1.29  1.32  0.14  0.24  1.72] 
new state: [ 0.35  0.04  0.83  0.87 -0.69  1.    1.29  1.32  0.14  0.24  1.72] 
new state: [ 0.34  0.04  0.83  0.87 -0.69  1.    1.29  1.32  0.13  0.25  1.72] 
new state: [ 0.34  0.04  0.83  0.87 -0.69  1.    1.28  1.32  0.13  0.25  1.72] 
new state: [ 0.34  0.04  0.82  0.87 -0.69  1.    1.28  1.31  0.13  0.25  1.72] 
new state: [ 0.34  0.04  0.82  0.87 -0.69  1.    1.28  1.31  0.13  0.25  1.72] 
new state: [ 0.34  0.04  0.82  0.87 -0.69  1.    1.28  1.31  0.13  0.25  1.72] 
new state: [ 0.34  0.04  0.82  0.87 -0.69  1.01  1.28  1.31  0.13  0.26  1.72] 
new state: [ 0.34  0.04  0.82  0.87 -0.69  1.01  1.28  1.31  0.12  0.26  1.72] 
new state: [ 0.34  0.04  0.81  0.87 -0.69  1.01  1.28  1.31  0.12  0.26  1.72] 
new state: [ 0.33  0.04  0.81  0.87 -0.69  1.01  1.28  1.3   0.12  0.26  1.72] 
new state: [ 0.33  0.04  0.81  0.87 -0.69  1.01  1.28  1.3   0.12  0.26  1.72] 
new state: [ 0.33  0.04  0.81  0.87 -0.69  1.01  1.28  1.3   0.12  0.27  1.73] 
new state: [ 0.33  0.04  0.81  0.87 -0.69  1.01  1.27  1.3   0.12  0.27  1.73] 
new state: [ 0.33  0.04  0.81  0.87 -0.69  1.01  1.27  1.3   0.11  0.27  1.73] 
new state: [ 0.33  0.04  0.8   0.87 -0.69  1.02  1.27  1.3   0.11  0.27  1.73] 
new state: [ 0.33  0.04  0.8   0.87 -0.69  1.02  1.27  1.3   0.11  0.27  1.73] 
new state: [ 0.33  0.04  0.8   0.87 -0.69  1.02  1.27  1.3   0.11  0.28  1.73] 
new state: [ 0.33  0.04  0.8   0.87 -0.69  1.02  1.27  1.3   0.11  0.28  1.73] 
new state: [ 0.33  0.04  0.8   0.87 -0.69  1.02  1.27  1.3   0.11  0.28  1.73] 
new state: [ 0.33  0.04  0.8   0.87 -0.69  1.02  1.27  1.3   0.11  0.28  1.72] 
new state: [ 0.33  0.04  0.8   0.87 -0.69  1.02  1.27  1.3   0.1   0.28  1.72] 
new state: [ 0.33  0.04  0.8   0.87 -0.69  1.03  1.26  1.3   0.1   0.29  1.72] 
new state: [ 0.33  0.04  0.8   0.87 -0.69  1.03  1.26  1.3   0.1   0.29  1.72] 
new state: [ 0.33  0.04  0.79  0.87 -0.69  1.03  1.26  1.3   0.1   0.29  1.72] 
new state: [ 0.34  0.04  0.79  0.87 -0.69  1.03  1.26  1.3   0.1   0.29  1.72] 
new state: [ 0.34  0.04  0.79  0.87 -0.69  1.03  1.26  1.3   0.1   0.29  1.72] 
new state: [ 0.34  0.04  0.79  0.87 -0.69  1.03  1.26  1.3   0.1   0.3   1.72] 
new state: [ 0.34  0.04  0.79  0.87 -0.69  1.04  1.26  1.3   0.09  0.3   1.72] 
new state: [ 0.34  0.04  0.79  0.87 -0.69  1.04  1.26  1.3   0.09  0.3   1.72] 
new state: [ 0.34  0.04  0.79  0.87 -0.69  1.04  1.25  1.3   0.09  0.3   1.72] 
new state: [ 0.34  0.03  0.79  0.87 -0.69  1.04  1.25  1.3   0.09  0.3   1.72] 
new state: [ 0.34  0.03  0.79  0.87 -0.69  1.04  1.25  1.31  0.09  0.31  1.72] 
new state: [ 0.34  0.03  0.79  0.87 -0.69  1.04  1.25  1.31  0.09  0.31  1.72] 
new state: [ 0.34  0.03  0.79  0.87 -0.69  1.05  1.25  1.31  0.09  0.31  1.72] 
new state: [ 0.34  0.03  0.79  0.87 -0.69  1.05  1.25  1.31  0.08  0.31  1.72] 
new state: [ 0.35  0.03  0.79  0.87 -0.69  1.05  1.25  1.31  0.08  0.31  1.72] 
new state: [ 0.35  0.03  0.79  0.87 -0.69  1.05  1.25  1.31  0.08  0.32  1.72] 
new state: [ 0.35  0.03  0.79  0.87 -0.69  1.05  1.25  1.31  0.08  0.32  1.71] 
new state: [ 0.35  0.03  0.79  0.87 -0.69  1.05  1.24  1.31  0.08  0.32  1.71] 
new state: [ 0.35  0.03  0.79  0.87 -0.69  1.06  1.24  1.31  0.08  0.32  1.71] 
new state: [ 0.35  0.03  0.78  0.87 -0.69  1.06  1.24  1.32  0.08  0.32  1.71] 
new state: [ 0.35  0.03  0.78  0.87 -0.69  1.06  1.24  1.32  0.08  0.33  1.71] 
new state: [ 0.36  0.02  0.78  0.87 -0.69  1.06  1.24  1.32  0.07  0.33  1.71] 
new state: [ 0.36  0.02  0.78  0.87 -0.69  1.06  1.24  1.32  0.07  0.33  1.71] 
new state: [ 0.36  0.02  0.78  0.87 -0.69  1.06  1.24  1.32  0.07  0.33  1.71] 
new state: [ 0.36  0.02  0.78  0.87 -0.69  1.07  1.24  1.32  0.07  0.33  1.71] 
new state: [ 0.36  0.02  0.78  0.87 -0.69  1.07  1.24  1.32  0.07  0.34  1.71] 
new state: [ 0.36  0.02  0.78  0.87 -0.69  1.07  1.23  1.33  0.07  0.34  1.71] 
new state: [ 0.37  0.02  0.78  0.87 -0.69  1.07  1.23  1.33  0.07  0.34  1.71] 
new state: [ 0.37  0.02  0.78  0.87 -0.69  1.07  1.23  1.33  0.07  0.34  1.7 ] 
new state: [ 0.37  0.02  0.78  0.87 -0.69  1.08  1.23  1.33  0.07  0.34  1.7 ] 
move to way point [0.707      0.293      0.78539816]
new state: [ 0.4   0.04  0.78  0.87 -0.69  1.08  1.23  1.34  0.07  0.35  1.71] 
new state: [ 0.4   0.05  0.78  0.87 -0.69  1.09  1.24  1.34  0.07  0.36  1.71] 
new state: [ 0.41  0.06  0.78  0.87 -0.69  1.09  1.24  1.35  0.08  0.36  1.72] 
new state: [ 0.42  0.06  0.78  0.87 -0.69  1.1   1.25  1.36  0.08  0.37  1.72] 
new state: [ 0.43  0.07  0.78  0.87 -0.69  1.11  1.25  1.36  0.09  0.38  1.73] 
new state: [ 0.43  0.08  0.78  0.87 -0.69  1.12  1.26  1.37  0.1   0.38  1.73] 
new state: [ 0.44  0.08  0.78  0.87 -0.69  1.12  1.27  1.38  0.1   0.39  1.74] 
new state: [ 0.44  0.08  0.78  0.87 -0.69  1.12  1.26  1.4   0.1   0.4   1.77] 
new state: [ 0.46  0.1   0.78  0.87 -0.69  1.13  1.27  1.4   0.1   0.4   1.76] 
new state: [ 0.49  0.13  0.78  0.87 -0.69  1.13  1.27  1.4   0.1   0.4   1.76] 
new state: [ 0.51  0.14  0.78  0.87 -0.69  1.13  1.27  1.4   0.1   0.4   1.76] 
new state: [ 0.53  0.16  0.78  0.87 -0.69  1.14  1.28  1.4   0.1   0.4   1.76] 
new state: [ 0.55  0.17  0.78  0.87 -0.69  1.14  1.28  1.4   0.1   0.4   1.76] 
new state: [ 0.57  0.19  0.78  0.87 -0.69  1.13  1.28  1.4   0.1   0.4   1.76] 
new state: [ 0.59  0.2   0.79  0.87 -0.69  1.13  1.28  1.4   0.1   0.4   1.76] 
new state: [ 0.61  0.22  0.79  0.87 -0.69  1.13  1.28  1.4   0.1   0.4   1.76] 
new state: [ 0.63  0.24  0.79  0.87 -0.69  1.12  1.27  1.4   0.1   0.4   1.76] 
new state: [ 0.65  0.25  0.79  0.87 -0.69  1.12  1.27  1.4   0.1   0.4   1.76] 
new state: [ 0.67  0.27  0.79  0.87 -0.69  1.12  1.26  1.4   0.1   0.4   1.76] 
move to way point [0.707      0.293      1.57079633]
new state: [ 0.69  0.27  0.85  0.87 -0.69  1.1   1.26  1.4   0.1   0.4   1.76] 
new state: [ 0.71  0.27  0.9   0.87 -0.69  1.07  1.26  1.4   0.1   0.4   1.76] 
new state: [ 0.74  0.28  0.96  0.87 -0.69  1.04  1.26  1.4   0.1   0.4   1.76] 
new state: [ 0.76  0.28  1.01  0.87 -0.69  1.01  1.26  1.4   0.1   0.4   1.76] 
new state: [ 0.79  0.28  1.06  0.87 -0.69  0.98  1.26  1.4   0.1   0.4   1.76] 
new state: [ 0.81  0.28  1.11  0.87 -0.69  0.95  1.26  1.4   0.1   0.4   1.76] 
new state: [ 0.83  0.29  1.15  0.87 -0.69  0.91  1.25  1.4   0.1   0.4   1.76] 
new state: [ 0.84  0.29  1.2   0.87 -0.69  0.88  1.25  1.4   0.1   0.4   1.76] 
new state: [ 0.86  0.3   1.24  0.87 -0.69  0.85  1.24  1.4   0.1   0.4   1.76] 
new state: [ 0.83  0.3   1.34  0.87 -0.69  0.84  1.24  1.4   0.1   0.4   1.76] 
new state: [ 0.95  0.4   1.38  0.87 -0.69  0.95  1.33  1.41  0.11  0.15  1.55] 
new state: [ 0.91  0.39  1.41  0.87 -0.69  0.96  1.33  1.41  0.11  0.14  1.55] 
new state: [ 0.88  0.38  1.43  0.87 -0.69  0.97  1.32  1.41  0.11  0.14  1.56] 
new state: [ 0.85  0.36  1.46  0.87 -0.69  0.97  1.32  1.41  0.11  0.15  1.57] 
new state: [ 0.81  0.36  1.48  0.87 -0.69  0.99  1.31  1.41  0.11  0.16  1.58] 
new state: [ 0.79  0.35  1.51  0.87 -0.69  0.99  1.3   1.41  0.11  0.17  1.59] 
new state: [ 0.75  0.34  1.53  0.87 -0.69  1.    1.29  1.41  0.11  0.19  1.6 ] 
new state: [ 0.72  0.34  1.55  0.87 -0.69  1.01  1.28  1.41  0.11  0.2   1.61] 
new state: [ 0.69  0.32  1.56  0.87 -0.69  1.02  1.28  1.41  0.11  0.22  1.63] 
move to way point [0.707      0.707      1.57079633]
new state: [ 0.67  0.35  1.57  0.87 -0.69  1.02  1.27  1.41  0.11  0.25  1.66] 
new state: [ 0.62  0.37  1.57  0.87 -0.69  1.04  1.26  1.41  0.11  0.28  1.68] 
[ 0.62207436  0.36729143  1.5662094   0.87379551 -0.69209134  1.04479964
  1.26196269  1.41220475  0.10787602  0.27556175  1.68206228 -0.76024596
  1.54244659]
new state: [ 0.59  0.37  1.57  0.87 -0.69  1.1   1.25  1.41  0.11  0.39  1.77 -0.79
  1.54] 
new state: [ 0.58  0.39  1.57  0.87 -0.69  1.1   1.25  1.41  0.11  0.4   1.78 -0.79
  1.55] 
new state: [ 0.58  0.4   1.57  0.87 -0.69  1.11  1.25  1.41  0.11  0.41  1.78 -0.78
  1.57] 
new state: [ 0.58  0.41  1.57  0.87 -0.69  1.11  1.25  1.41  0.11  0.42  1.79 -0.77
  1.58] 
new state: [ 0.58  0.42  1.57  0.87 -0.69  1.11  1.25  1.41  0.11  0.42  1.79 -0.77
  1.59] 
new state: [ 0.58  0.43  1.57  0.87 -0.69  1.11  1.26  1.41  0.11  0.43  1.8  -0.77
  1.61] 
new state: [ 0.59  0.43  1.57  0.87 -0.69  1.12  1.26  1.41  0.11  0.44  1.8  -0.78
  1.64] 
new state: [ 0.58  0.45  1.57  0.87 -0.69  1.13  1.26  1.41  0.11  0.45  1.8  -0.77
  1.64] 
new state: [ 0.58  0.48  1.57  0.87 -0.69  1.13  1.26  1.41  0.11  0.45  1.8  -0.76
  1.65] 
new state: [ 0.59  0.51  1.57  0.87 -0.69  1.13  1.26  1.41  0.11  0.45  1.8  -0.76
  1.64] 
new state: [ 0.6   0.53  1.57  0.87 -0.69  1.13  1.26  1.41  0.11  0.45  1.8  -0.76
  1.64] 
new state: [ 0.61  0.55  1.57  0.87 -0.69  1.13  1.26  1.41  0.11  0.45  1.8  -0.76
  1.64] 
new state: [ 0.63  0.58  1.57  0.87 -0.69  1.14  1.26  1.41  0.11  0.45  1.8  -0.76
  1.64] 
new state: [ 0.64  0.61  1.57  0.87 -0.69  1.14  1.26  1.41  0.11  0.45  1.79 -0.76
  1.64] 
new state: [ 0.65  0.63  1.57  0.87 -0.69  1.14  1.26  1.41  0.11  0.45  1.79 -0.76
  1.64] 
new state: [ 0.65  0.65  1.57  0.87 -0.69  1.14  1.26  1.41  0.11  0.44  1.79 -0.76
  1.64] 
new state: [ 0.66  0.67  1.57  0.87 -0.69  1.14  1.26  1.41  0.11  0.45  1.78 -0.76
  1.64] 
new state: [ 0.67  0.69  1.57  0.87 -0.69  1.14  1.25  1.41  0.11  0.45  1.78 -0.76
  1.64] 
move to way point [0.707      0.707      2.35619449]
new state: [ 0.69  0.69  1.63  0.87 -0.69  1.14  1.26  1.41  0.11  0.43  1.77 -0.76
  1.64] 
new state: [ 0.71  0.7   1.69  0.87 -0.69  1.13  1.27  1.41  0.11  0.41  1.75 -0.76
  1.64] 
new state: [ 0.74  0.71  1.74  0.87 -0.69  1.13  1.28  1.41  0.11  0.39  1.73 -0.76
  1.64] 
new state: [ 0.77  0.72  1.8   0.87 -0.69  1.12  1.29  1.41  0.11  0.36  1.71 -0.76
  1.64] 
new state: [ 0.79  0.73  1.85  0.87 -0.69  1.11  1.3   1.41  0.11  0.34  1.68 -0.76
  1.64] 
new state: [ 0.81  0.74  1.89  0.87 -0.69  1.1   1.32  1.41  0.11  0.31  1.65 -0.76
  1.64] 
new state: [ 0.83  0.75  1.94  0.87 -0.69  1.09  1.33  1.41  0.11  0.29  1.62 -0.76
  1.64] 
new state: [ 0.85  0.76  1.98  0.87 -0.69  1.08  1.35  1.41  0.11  0.27  1.6  -0.76
  1.64] 
new state: [ 0.86  0.76  2.02  0.87 -0.69  1.08  1.36  1.41  0.11  0.24  1.58 -0.76
  1.64] 
new state: [ 0.85  0.76  2.06  0.87 -0.69  1.08  1.36  1.41  0.11  0.24  1.57 -0.76
  1.64] 
new state: [ 0.83  0.75  2.1   0.87 -0.69  1.08  1.36  1.41  0.11  0.24  1.58 -0.76
  1.64] 
new state: [ 0.81  0.74  2.13  0.87 -0.69  1.08  1.36  1.41  0.11  0.25  1.59 -0.76
  1.64] 
new state: [ 0.79  0.72  2.16  0.87 -0.69  1.08  1.36  1.41  0.11  0.26  1.6  -0.76
  1.64] 
new state: [ 0.76  0.71  2.19  0.87 -0.69  1.08  1.36  1.41  0.11  0.28  1.61 -0.76
  1.64] 
new state: [ 0.74  0.7   2.22  0.87 -0.69  1.08  1.36  1.41  0.11  0.3   1.62 -0.76
  1.64] 
new state: [ 0.72  0.69  2.25  0.87 -0.69  1.08  1.36  1.41  0.11  0.32  1.64 -0.76
  1.64] 
new state: [ 0.7   0.68  2.27  0.87 -0.69  1.08  1.36  1.41  0.11  0.34  1.65 -0.76
  1.64] 
[ 0.69828866  0.67927652  2.26931387  0.87379551 -0.69209134  1.07607223
  1.35717737  1.41220475  0.10787602  0.33604131  1.64651196 -0.75776799
  1.64207752 -1.17605218  0.71214594]
new state: [ 0.68  0.68  2.29  0.87 -0.69  1.08  1.36  1.41  0.11  0.44  1.71 -0.76
  1.64 -1.19  0.67] 
new state: [ 0.67  0.69  2.31  0.87 -0.69  1.08  1.36  1.41  0.11  0.44  1.73 -0.7
  1.49 -1.2   0.7 ] 
new state: [ 0.66  0.68  2.33  0.87 -0.69  1.08  1.36  1.41  0.11  0.45  1.73 -0.7
  1.49 -1.2   0.72] 
new state: [ 0.65  0.68  2.35  0.87 -0.69  1.08  1.36  1.41  0.11  0.46  1.72 -0.71
  1.49 -1.2   0.73] 
new state: [ 0.65  0.68  2.37  0.87 -0.69  1.08  1.36  1.41  0.11  0.46  1.72 -0.71
  1.48 -1.19  0.74] 
new state: [ 0.66  0.69  2.38  0.87 -0.69  1.08  1.36  1.41  0.11  0.46  1.72 -0.71
  1.48 -1.19  0.73] 
new state: [ 0.66  0.7   2.4   0.87 -0.69  1.08  1.36  1.41  0.11  0.45  1.72 -0.72
  1.47 -1.19  0.73] 
new state: [ 0.67  0.71  2.41  0.87 -0.69  1.08  1.36  1.41  0.11  0.45  1.73 -0.72
  1.46 -1.18  0.72] 
new state: [ 0.67  0.72  2.42  0.87 -0.69  1.08  1.36  1.41  0.11  0.44  1.73 -0.73
  1.45 -1.18  0.71] 
new state: [ 0.68  0.73  2.43  0.87 -0.69  1.08  1.36  1.41  0.11  0.44  1.74 -0.73
  1.45 -1.17  0.7 ] 
new state: [ 0.68  0.74  2.44  0.87 -0.69  1.08  1.36  1.41  0.11  0.43  1.74 -0.73
  1.44 -1.17  0.69] 
new state: [ 0.69  0.74  2.45  0.87 -0.69  1.08  1.36  1.41  0.11  0.43  1.75 -0.74
  1.43 -1.16  0.68] 
new state: [ 0.69  0.75  2.46  0.87 -0.69  1.08  1.36  1.41  0.11  0.42  1.75 -0.74
  1.43 -1.16  0.67] 
new state: [ 0.69  0.75  2.46  0.87 -0.69  1.08  1.36  1.41  0.11  0.42  1.76 -0.74
  1.42 -1.16  0.67] 
new state: [ 0.69  0.76  2.47  0.87 -0.69  1.08  1.36  1.41  0.11  0.41  1.76 -0.75
  1.42 -1.15  0.66] 
new state: [ 0.7   0.76  2.48  0.87 -0.69  1.08  1.36  1.41  0.11  0.41  1.76 -0.75
  1.41 -1.15  0.65] 
new state: [ 0.7   0.76  2.48  0.87 -0.69  1.08  1.36  1.41  0.11  0.4   1.77 -0.75
  1.41 -1.15  0.64] 
new state: [ 0.7   0.77  2.48  0.87 -0.69  1.08  1.36  1.41  0.11  0.4   1.77 -0.75
  1.4  -1.14  0.63] 
new state: [ 0.7   0.77  2.49  0.87 -0.69  1.08  1.36  1.41  0.11  0.4   1.77 -0.75
  1.4  -1.14  0.63] 
new state: [ 0.7   0.77  2.49  0.87 -0.69  1.08  1.36  1.41  0.11  0.39  1.77 -0.75
  1.39 -1.14  0.62] 
new state: [ 0.7   0.77  2.49  0.87 -0.69  1.08  1.36  1.41  0.11  0.39  1.77 -0.76
  1.39 -1.14  0.62] 
new state: [ 0.7   0.77  2.49  0.87 -0.69  1.08  1.36  1.41  0.11  0.39  1.77 -0.76
  1.39 -1.14  0.61] 
new state: [ 0.7   0.77  2.5   0.87 -0.69  1.08  1.36  1.41  0.11  0.39  1.77 -0.76
  1.38 -1.13  0.61] 
new state: [ 0.7   0.77  2.5   0.87 -0.69  1.08  1.36  1.41  0.11  0.39  1.77 -0.76
  1.38 -1.13  0.61] 
new state: [ 0.7   0.77  2.5   0.87 -0.69  1.08  1.36  1.41  0.11  0.38  1.77 -0.76
  1.38 -1.13  0.6 ] 
new state: [ 0.7   0.76  2.5   0.87 -0.69  1.08  1.36  1.41  0.11  0.38  1.77 -0.76
  1.37 -1.13  0.6 ] 
new state: [ 0.7   0.76  2.5   0.87 -0.69  1.08  1.36  1.41  0.11  0.38  1.77 -0.76
  1.37 -1.13  0.6 ] 
new state: [ 0.7   0.76  2.49  0.87 -0.69  1.08  1.36  1.41  0.11  0.38  1.77 -0.76
  1.37 -1.13  0.59] 
new state: [ 0.7   0.76  2.49  0.87 -0.69  1.08  1.36  1.41  0.11  0.38  1.77 -0.76
  1.37 -1.13  0.59] 
new state: [ 0.7   0.75  2.49  0.87 -0.69  1.08  1.36  1.41  0.11  0.38  1.76 -0.76
  1.37 -1.13  0.59] 
new state: [ 0.7   0.75  2.49  0.87 -0.69  1.08  1.36  1.41  0.11  0.38  1.76 -0.76
  1.37 -1.13  0.59] 
new state: [ 0.7   0.75  2.49  0.87 -0.69  1.08  1.36  1.41  0.11  0.38  1.76 -0.76
  1.36 -1.13  0.59] 
new state: [ 0.7   0.75  2.49  0.87 -0.69  1.08  1.36  1.41  0.11  0.38  1.76 -0.76
  1.36 -1.14  0.59] 
new state: [ 0.7   0.74  2.48  0.87 -0.69  1.08  1.36  1.41  0.11  0.38  1.75 -0.76
  1.36 -1.14  0.59] 
new state: [ 0.7   0.74  2.48  0.87 -0.69  1.08  1.36  1.41  0.11  0.38  1.75 -0.76
  1.36 -1.14  0.59] 
new state: [ 0.69  0.73  2.48  0.87 -0.69  1.08  1.36  1.41  0.11  0.39  1.75 -0.76
  1.36 -1.14  0.59] 
new state: [ 0.69  0.73  2.48  0.87 -0.69  1.08  1.36  1.41  0.11  0.39  1.75 -0.76
  1.36 -1.14  0.59] 
new state: [ 0.69  0.73  2.47  0.87 -0.69  1.08  1.36  1.41  0.11  0.39  1.74 -0.76
  1.36 -1.14  0.59] 
new state: [ 0.69  0.72  2.47  0.87 -0.69  1.08  1.36  1.41  0.11  0.39  1.74 -0.76
  1.36 -1.14  0.59] 
new state: [ 0.69  0.72  2.47  0.87 -0.69  1.08  1.36  1.41  0.11  0.39  1.74 -0.76
  1.36 -1.14  0.59] 
new state: [ 0.69  0.72  2.47  0.87 -0.69  1.08  1.36  1.41  0.11  0.39  1.73 -0.76
  1.36 -1.14  0.59] 
new state: [ 0.69  0.71  2.46  0.87 -0.69  1.08  1.36  1.41  0.11  0.4   1.73 -0.76
  1.36 -1.15  0.59] 
new state: [ 0.69  0.71  2.46  0.87 -0.69  1.08  1.36  1.41  0.11  0.4   1.73 -0.76
  1.36 -1.15  0.6 ] 
new state: [ 0.69  0.71  2.46  0.87 -0.69  1.08  1.36  1.41  0.11  0.4   1.73 -0.75
  1.36 -1.15  0.6 ] 
new state: [ 0.69  0.7   2.45  0.87 -0.69  1.08  1.36  1.41  0.11  0.4   1.72 -0.75
  1.36 -1.15  0.6 ] 
new state: [ 0.69  0.7   2.45  0.87 -0.69  1.08  1.36  1.41  0.11  0.4   1.72 -0.75
  1.36 -1.15  0.6 ] 
new state: [ 0.68  0.7   2.45  0.87 -0.69  1.08  1.36  1.41  0.11  0.41  1.72 -0.75
  1.36 -1.15  0.6 ] 
new state: [ 0.68  0.69  2.44  0.87 -0.69  1.08  1.36  1.41  0.11  0.41  1.72 -0.75
  1.36 -1.15  0.61] 
new state: [ 0.68  0.69  2.44  0.87 -0.69  1.08  1.36  1.41  0.11  0.41  1.71 -0.75
  1.37 -1.16  0.61] 
new state: [ 0.68  0.69  2.44  0.87 -0.69  1.08  1.36  1.41  0.11  0.41  1.71 -0.75
  1.37 -1.16  0.61] 
new state: [ 0.68  0.68  2.43  0.87 -0.69  1.08  1.36  1.41  0.11  0.41  1.71 -0.75
  1.37 -1.16  0.61] 
new state: [ 0.68  0.68  2.43  0.87 -0.69  1.08  1.36  1.41  0.11  0.42  1.7  -0.75
  1.37 -1.16  0.61] 
new state: [ 0.68  0.68  2.43  0.87 -0.69  1.08  1.36  1.41  0.11  0.42  1.7  -0.74
  1.37 -1.16  0.62] 
new state: [ 0.68  0.67  2.43  0.87 -0.69  1.08  1.36  1.41  0.11  0.42  1.7  -0.74
  1.37 -1.16  0.62] 
new state: [ 0.68  0.67  2.42  0.87 -0.69  1.08  1.36  1.41  0.11  0.42  1.7  -0.74
  1.37 -1.16  0.62] 
new state: [ 0.68  0.67  2.42  0.87 -0.69  1.08  1.36  1.41  0.11  0.43  1.7  -0.74
  1.37 -1.16  0.62] 
new state: [ 0.68  0.67  2.42  0.87 -0.69  1.08  1.36  1.41  0.11  0.43  1.69 -0.74
  1.38 -1.16  0.63] 
new state: [ 0.68  0.67  2.41  0.87 -0.69  1.08  1.36  1.41  0.11  0.43  1.69 -0.74
  1.38 -1.16  0.63] 
new state: [ 0.68  0.66  2.41  0.87 -0.69  1.08  1.36  1.41  0.11  0.43  1.69 -0.74
  1.38 -1.17  0.63] 
new state: [ 0.68  0.66  2.41  0.87 -0.69  1.08  1.36  1.41  0.11  0.43  1.69 -0.74
  1.38 -1.17  0.64] 
new state: [ 0.68  0.66  2.41  0.87 -0.69  1.08  1.36  1.41  0.11  0.44  1.69 -0.73
  1.38 -1.17  0.64] 
new state: [ 0.68  0.66  2.4   0.87 -0.69  1.08  1.36  1.41  0.11  0.44  1.69 -0.73
  1.38 -1.17  0.64] 
new state: [ 0.68  0.66  2.4   0.87 -0.69  1.08  1.36  1.41  0.11  0.44  1.68 -0.73
  1.38 -1.17  0.64] 
new state: [ 0.68  0.66  2.4   0.87 -0.69  1.08  1.36  1.41  0.11  0.44  1.68 -0.73
  1.39 -1.17  0.65] 
new state: [ 0.68  0.65  2.4   0.87 -0.69  1.08  1.36  1.41  0.11  0.45  1.68 -0.73
  1.39 -1.17  0.65] 
new state: [ 0.68  0.65  2.4   0.87 -0.69  1.08  1.36  1.41  0.11  0.45  1.68 -0.73
  1.39 -1.17  0.65] 
new state: [ 0.68  0.65  2.39  0.87 -0.69  1.08  1.36  1.41  0.11  0.45  1.68 -0.72
  1.39 -1.17  0.65] 
new state: [ 0.68  0.65  2.39  0.87 -0.69  1.08  1.36  1.41  0.11  0.45  1.68 -0.72
  1.39 -1.17  0.66] 
new state: [ 0.68  0.65  2.39  0.87 -0.69  1.08  1.36  1.41  0.11  0.45  1.68 -0.72
  1.4  -1.17  0.66] 
new state: [ 0.68  0.65  2.39  0.87 -0.69  1.08  1.36  1.41  0.11  0.46  1.68 -0.72
  1.4  -1.17  0.66] 
new state: [ 0.68  0.65  2.39  0.87 -0.69  1.08  1.36  1.41  0.11  0.46  1.68 -0.72
  1.4  -1.17  0.67] 
new state: [ 0.68  0.65  2.38  0.87 -0.69  1.08  1.36  1.41  0.11  0.46  1.68 -0.72
  1.4  -1.17  0.67] 
new state: [ 0.68  0.65  2.38  0.87 -0.69  1.08  1.36  1.41  0.11  0.46  1.68 -0.72
  1.4  -1.17  0.67] 
new state: [ 0.68  0.65  2.38  0.87 -0.69  1.08  1.36  1.41  0.11  0.46  1.68 -0.71
  1.4  -1.17  0.67] 
new state: [ 0.68  0.65  2.38  0.87 -0.69  1.08  1.36  1.41  0.11  0.47  1.68 -0.71
  1.41 -1.17  0.68] 
new state: [ 0.68  0.65  2.38  0.87 -0.69  1.08  1.36  1.41  0.11  0.47  1.68 -0.71
  1.41 -1.17  0.68] 
new state: [ 0.68  0.65  2.38  0.87 -0.69  1.08  1.36  1.41  0.11  0.47  1.68 -0.71
  1.41 -1.17  0.68] 
new state: [ 0.68  0.65  2.37  0.87 -0.69  1.08  1.36  1.41  0.11  0.47  1.68 -0.71
  1.41 -1.17  0.68] 
new state: [ 0.68  0.65  2.37  0.87 -0.69  1.08  1.36  1.41  0.11  0.47  1.68 -0.71
  1.41 -1.17  0.69] 
new state: [ 0.68  0.65  2.37  0.87 -0.69  1.08  1.36  1.41  0.11  0.48  1.68 -0.71
  1.42 -1.17  0.69] 
new state: [ 0.68  0.65  2.37  0.87 -0.69  1.08  1.36  1.41  0.11  0.48  1.68 -0.7
  1.42 -1.17  0.69] 
new state: [ 0.68  0.65  2.37  0.87 -0.69  1.08  1.36  1.41  0.11  0.48  1.68 -0.7
  1.42 -1.17  0.7 ] 
new state: [ 0.68  0.65  2.37  0.87 -0.69  1.08  1.36  1.41  0.11  0.48  1.68 -0.7
  1.42 -1.17  0.7 ] 
new state: [ 0.68  0.65  2.37  0.87 -0.69  1.08  1.36  1.41  0.11  0.48  1.68 -0.7
  1.42 -1.17  0.7 ] 
new state: [ 0.68  0.65  2.37  0.87 -0.69  1.08  1.36  1.41  0.11  0.49  1.68 -0.7
  1.43 -1.16  0.7 ] 
new state: [ 0.68  0.65  2.37  0.87 -0.69  1.08  1.36  1.41  0.11  0.49  1.68 -0.7
  1.43 -1.16  0.71] 
new state: [ 0.68  0.65  2.36  0.87 -0.69  1.08  1.36  1.41  0.11  0.49  1.68 -0.7
  1.43 -1.16  0.71] 
new state: [ 0.68  0.65  2.36  0.87 -0.69  1.08  1.36  1.41  0.11  0.49  1.68 -0.69
  1.43 -1.16  0.71] 
new state: [ 0.68  0.65  2.36  0.87 -0.69  1.08  1.36  1.41  0.11  0.49  1.68 -0.69
  1.43 -1.16  0.71] 
new state: [ 0.69  0.65  2.36  0.87 -0.69  1.08  1.36  1.41  0.11  0.49  1.68 -0.69
  1.44 -1.16  0.71] 
new state: [ 0.69  0.66  2.36  0.87 -0.69  1.08  1.36  1.41  0.11  0.5   1.68 -0.69
  1.44 -1.16  0.72] 
new state: [ 0.69  0.66  2.36  0.87 -0.69  1.08  1.36  1.41  0.11  0.5   1.69 -0.69
  1.44 -1.16  0.72] 
new state: [ 0.69  0.66  2.36  0.87 -0.69  1.08  1.36  1.41  0.11  0.5   1.69 -0.69
  1.44 -1.16  0.72] 
new state: [ 0.69  0.66  2.36  0.87 -0.69  1.08  1.36  1.41  0.11  0.5   1.69 -0.69
  1.44 -1.16  0.72] 
new state: [ 0.69  0.66  2.36  0.87 -0.69  1.08  1.36  1.41  0.11  0.5   1.69 -0.68
  1.45 -1.16  0.73] 
new state: [ 0.69  0.66  2.36  0.87 -0.69  1.08  1.36  1.41  0.11  0.5   1.69 -0.68
  1.45 -1.16  0.73] 
move to way point [0.414      1.         2.35619449]
new state: [ 0.66  0.69  2.36  0.87 -0.69  1.08  1.36  1.41  0.11  0.5   1.7  -0.69
  1.45 -1.16  0.74] 
new state: [ 0.66  0.69  2.36  0.87 -0.69  1.08  1.36  1.41  0.11  0.49  1.7  -0.69
  1.46 -1.16  0.74] 
new state: [ 0.65  0.7   2.36  0.87 -0.69  1.08  1.36  1.41  0.11  0.49  1.71 -0.7
  1.47 -1.17  0.75] 
new state: [ 0.64  0.71  2.36  0.87 -0.69  1.08  1.36  1.41  0.11  0.48  1.71 -0.7
  1.47 -1.18  0.76] 
new state: [ 0.64  0.72  2.36  0.87 -0.69  1.08  1.36  1.41  0.11  0.48  1.72 -0.71
  1.48 -1.18  0.76] 
new state: [ 0.63  0.72  2.36  0.87 -0.69  1.08  1.36  1.41  0.11  0.47  1.73 -0.71
  1.49 -1.19  0.77] 
new state: [ 0.62  0.73  2.36  0.87 -0.69  1.08  1.36  1.41  0.11  0.47  1.74 -0.72
  1.5  -1.19  0.78] 
new state: [ 0.62  0.74  2.36  0.87 -0.69  1.08  1.36  1.41  0.11  0.47  1.74 -0.72
  1.5  -1.2   0.79] 
new state: [ 0.61  0.75  2.36  0.87 -0.69  1.08  1.36  1.41  0.11  0.47  1.74 -0.74
  1.52 -1.2   0.78] 
new state: [ 0.58  0.78  2.36  0.87 -0.69  1.08  1.36  1.41  0.11  0.47  1.75 -0.74
  1.52 -1.2   0.79] 
new state: [ 0.56  0.81  2.36  0.87 -0.69  1.08  1.36  1.41  0.11  0.47  1.75 -0.73
  1.51 -1.2   0.78] 
new state: [ 0.55  0.83  2.36  0.87 -0.69  1.08  1.36  1.41  0.11  0.46  1.75 -0.73
  1.51 -1.2   0.78] 
new state: [ 0.53  0.86  2.36  0.87 -0.69  1.08  1.36  1.41  0.11  0.46  1.75 -0.73
  1.51 -1.2   0.78] 
new state: [ 0.52  0.88  2.36  0.87 -0.69  1.08  1.36  1.41  0.11  0.46  1.76 -0.73
  1.51 -1.2   0.77] 
new state: [ 0.49  0.9   2.36  0.87 -0.69  1.08  1.36  1.41  0.11  0.47  1.76 -0.73
  1.5  -1.19  0.77] 
new state: [ 0.48  0.92  2.36  0.87 -0.69  1.08  1.36  1.41  0.11  0.47  1.75 -0.73
  1.5  -1.19  0.77] 
new state: [ 0.46  0.94  2.36  0.87 -0.69  1.08  1.36  1.41  0.11  0.47  1.75 -0.73
  1.5  -1.19  0.77] 
new state: [ 0.45  0.95  2.36  0.87 -0.69  1.08  1.36  1.41  0.11  0.47  1.75 -0.73
  1.5  -1.19  0.77] 
new state: [ 0.44  0.97  2.36  0.87 -0.69  1.08  1.36  1.41  0.11  0.48  1.75 -0.73
  1.5  -1.2   0.77] 
move to way point [0.414      1.         3.14159265]
new state: [ 0.44  0.97  2.42  0.87 -0.69  1.08  1.36  1.41  0.11  0.47  1.75 -0.73
  1.5  -1.19  0.77] 
new state: [ 0.28  1.23  2.92  0.87 -0.69  1.08  1.36  1.41  0.11  0.45  1.79 -0.73
  1.5  -1.03  0.48] 
new state: [ 0.29  1.21  2.94  0.87 -0.69  1.08  1.36  1.41  0.11  0.45  1.79 -0.73
  1.5  -1.01  0.46] 
new state: [ 0.3   1.2   2.96  0.87 -0.69  1.08  1.36  1.41  0.11  0.45  1.79 -0.73
  1.5  -1.01  0.45] 
new state: [ 0.3   1.19  2.97  0.87 -0.69  1.08  1.36  1.41  0.11  0.45  1.79 -0.73
  1.5  -1.    0.44] 
new state: [ 0.31  1.17  2.99  0.87 -0.69  1.08  1.36  1.41  0.11  0.45  1.79 -0.73
  1.5  -1.    0.44] 
new state: [ 0.32  1.16  3.    0.87 -0.69  1.08  1.36  1.41  0.11  0.45  1.79 -0.73
  1.5  -1.    0.44] 
new state: [ 0.32  1.15  3.01  0.87 -0.69  1.08  1.36  1.41  0.11  0.45  1.79 -0.73
  1.5  -0.99  0.43] 
new state: [ 0.33  1.14  3.03  0.87 -0.69  1.08  1.36  1.41  0.11  0.45  1.79 -0.73
  1.5  -0.99  0.43] 
new state: [ 0.33  1.14  3.04  0.87 -0.69  1.08  1.36  1.41  0.11  0.45  1.79 -0.73
  1.5  -0.98  0.41] 
new state: [ 0.35  1.11  3.06  0.87 -0.69  1.08  1.36  1.41  0.11  0.45  1.79 -0.73
  1.5  -0.99  0.42] 
new state: [ 0.36  1.09  3.07  0.87 -0.69  1.08  1.36  1.41  0.11  0.45  1.79 -0.73
  1.5  -0.99  0.42] 
new state: [ 0.37  1.08  3.08  0.87 -0.69  1.08  1.36  1.41  0.11  0.45  1.79 -0.73
  1.5  -0.99  0.42] 
new state: [ 0.38  1.07  3.09  0.87 -0.69  1.08  1.36  1.41  0.11  0.45  1.79 -0.73
  1.5  -0.99  0.42] 
new state: [ 0.39  1.05  3.1   0.87 -0.69  1.08  1.36  1.41  0.11  0.45  1.79 -0.73
  1.5  -1.    0.43] 
new state: [ 0.39  1.04  3.1   0.87 -0.69  1.08  1.36  1.41  0.11  0.45  1.79 -0.73
  1.5  -1.    0.43] 
new state: [ 0.4   1.11  3.11  0.87 -0.69  1.08  1.36  1.41  0.11  0.45  1.8  -0.73
  1.35 -1.    0.5 ] 
new state: [ 0.4   1.09  3.12  0.87 -0.69  1.08  1.36  1.41  0.11  0.45  1.8  -0.73
  1.35 -1.    0.49] 
new state: [ 0.4   1.09  3.12  0.87 -0.69  1.08  1.36  1.41  0.11  0.45  1.8  -0.73
  1.35 -1.    0.49] 
new state: [ 0.41  1.08  3.13  0.87 -0.69  1.08  1.36  1.41  0.11  0.45  1.8  -0.73
  1.35 -0.99  0.48] 
new state: [ 0.41  1.09  3.13  0.87 -0.69  1.08  1.36  1.41  0.11  0.45  1.8  -0.73
  1.32 -0.99  0.49] 
new state: [ 0.41  1.09  3.14  0.87 -0.69  1.08  1.36  1.41  0.11  0.45  1.8  -0.73
  1.31 -0.99  0.48] 
new state: [ 0.41  1.09  3.14  0.87 -0.69  1.08  1.36  1.41  0.11  0.45  1.8  -0.73
  1.3  -0.99  0.48] 
new state: [ 0.41  1.09  3.15  0.87 -0.69  1.08  1.36  1.41  0.11  0.45  1.8  -0.73
  1.3  -0.98  0.47] 
new state: [ 0.41  1.08  3.15  0.87 -0.69  1.08  1.36  1.41  0.11  0.45  1.8  -0.73
  1.29 -0.98  0.46] 
new state: [ 0.41  1.07  3.16  0.87 -0.69  1.08  1.36  1.41  0.11  0.45  1.8  -0.73
  1.28 -0.98  0.46] 
new state: [ 0.42  1.07  3.16  0.87 -0.69  1.08  1.36  1.41  0.11  0.45  1.8  -0.73
  1.28 -0.98  0.46] 
new state: [ 0.42  1.06  3.16  0.87 -0.69  1.08  1.36  1.41  0.11  0.45  1.8  -0.73
  1.28 -0.98  0.45] 
new state: [ 0.42  1.05  3.17  0.87 -0.69  1.08  1.36  1.41  0.11  0.45  1.8  -0.73
  1.28 -0.98  0.45] 
new state: [ 0.42  1.04  3.17  0.87 -0.69  1.08  1.36  1.41  0.11  0.45  1.8  -0.73
  1.28 -0.97  0.44] 
new state: [ 0.42  1.04  3.17  0.87 -0.69  1.08  1.36  1.41  0.11  0.45  1.8  -0.73
  1.28 -0.97  0.43] 
move to way point [0.         1.         3.14159265]
new state: [ 0.37  1.04  3.17  0.87 -0.69  1.08  1.36  1.41  0.11  0.45  1.8  -0.73
  1.28 -0.98  0.43] 
new state: [ 0.36  1.04  3.16  0.87 -0.69  1.08  1.36  1.41  0.11  0.45  1.8  -0.73
  1.28 -0.99  0.43] 
new state: [ 0.34  1.04  3.16  0.87 -0.69  1.08  1.36  1.41  0.11  0.45  1.8  -0.73
  1.28 -1.01  0.43] 
new state: [ 0.32  1.03  3.16  0.87 -0.69  1.08  1.36  1.41  0.11  0.45  1.8  -0.73
  1.28 -1.02  0.42] 
new state: [ 0.3   1.03  3.16  0.87 -0.69  1.08  1.36  1.41  0.11  0.45  1.8  -0.73
  1.28 -1.04  0.42] 
new state: [ 0.29  1.03  3.16  0.87 -0.69  1.08  1.36  1.41  0.11  0.45  1.8  -0.73
  1.28 -1.05  0.42] 
new state: [ 0.28  1.03  3.16  0.87 -0.69  1.08  1.36  1.41  0.11  0.45  1.8  -0.73
  1.28 -1.07  0.42] 
new state: [ 0.26  1.02  3.15  0.87 -0.69  1.08  1.36  1.41  0.11  0.45  1.8  -0.73
  1.28 -1.08  0.42] 
new state: [ 0.25  1.02  3.15  0.87 -0.69  1.08  1.36  1.41  0.11  0.45  1.8  -0.73
  1.28 -1.1   0.42] 
new state: [ 0.27  1.03  3.15  0.87 -0.69  1.08  1.36  1.41  0.11  0.45  1.8  -0.81
  1.26 -1.07  0.43] 
new state: [ 0.25  1.03  3.15  0.87 -0.69  1.08  1.36  1.41  0.11  0.45  1.8  -0.81
  1.26 -1.07  0.43] 
new state: [ 0.22  1.03  3.15  0.87 -0.69  1.08  1.36  1.41  0.11  0.45  1.8  -0.82
  1.25 -1.08  0.43] 
new state: [ 0.2   1.03  3.15  0.87 -0.69  1.08  1.36  1.41  0.11  0.45  1.8  -0.82
  1.25 -1.08  0.43] 
new state: [ 0.18  1.03  3.15  0.87 -0.69  1.08  1.36  1.41  0.11  0.45  1.8  -0.82
  1.25 -1.08  0.43] 
new state: [ 0.16  1.03  3.15  0.87 -0.69  1.08  1.36  1.41  0.11  0.45  1.8  -0.82
  1.25 -1.08  0.43] 
new state: [ 0.14  1.03  3.15  0.87 -0.69  1.08  1.36  1.41  0.11  0.45  1.8  -0.82
  1.25 -1.09  0.43] 
new state: [ 0.12  1.03  3.14  0.87 -0.69  1.08  1.36  1.41  0.11  0.45  1.8  -0.83
  1.24 -1.09  0.43] 
new state: [ 0.1   1.03  3.14  0.87 -0.69  1.08  1.36  1.41  0.11  0.45  1.8  -0.83
  1.24 -1.08  0.42] 
new state: [ 0.08  1.03  3.14  0.87 -0.69  1.08  1.36  1.41  0.11  0.45  1.8  -0.83
  1.24 -1.08  0.42] 
new state: [ 0.06  1.03  3.14  0.87 -0.69  1.08  1.36  1.41  0.11  0.45  1.8  -0.83
  1.24 -1.08  0.42] 
new state: [ 0.04  1.03  3.14  0.87 -0.69  1.08  1.36  1.41  0.11  0.45  1.8  -0.83
  1.24 -1.08  0.42] 
move to way point [0.         1.         3.92699082]
new state: [ 0.02  1.05  3.2   0.87 -0.69  1.08  1.36  1.41  0.11  0.45  1.8  -0.83
  1.23 -1.06  0.4 ] 
new state: [ 0.01  1.07  3.26  0.87 -0.69  1.08  1.36  1.41  0.11  0.45  1.8  -0.83
  1.22 -1.04  0.39] 
new state: [-0.01  1.09  3.32  0.87 -0.69  1.08  1.36  1.41  0.11  0.45  1.8  -0.84
  1.2  -1.02  0.37] 
new state: [-0.03  1.11  3.37  0.87 -0.69  1.08  1.36  1.41  0.11  0.45  1.8  -0.84
  1.19 -0.99  0.35] 
new state: [-0.05  1.13  3.42  0.87 -0.69  1.08  1.36  1.41  0.11  0.45  1.8  -0.85
  1.18 -0.96  0.33] 
new state: [-0.06  1.15  3.47  0.87 -0.69  1.08  1.36  1.41  0.11  0.45  1.8  -0.86
  1.16 -0.93  0.31] 
new state: [-0.08  1.16  3.51  0.87 -0.69  1.08  1.36  1.41  0.11  0.45  1.8  -0.86
  1.15 -0.9   0.29] 
new state: [-0.09  1.17  3.55  0.87 -0.69  1.08  1.36  1.41  0.11  0.45  1.8  -0.87
  1.13 -0.87  0.28] 
new state: [-0.11  1.18  3.59  0.87 -0.69  1.08  1.36  1.41  0.11  0.45  1.8  -0.87
  1.12 -0.84  0.26] 
new state: [-0.11  1.18  3.63  0.87 -0.69  1.08  1.36  1.41  0.11  0.45  1.8  -0.88
  1.11 -0.82  0.26] 
new state: [-0.09  1.15  3.67  0.87 -0.69  1.08  1.36  1.41  0.11  0.45  1.8  -0.87
  1.12 -0.83  0.26] 
new state: [-0.08  1.13  3.7   0.87 -0.69  1.08  1.36  1.41  0.11  0.45  1.8  -0.87
  1.12 -0.84  0.26] 
new state: [-0.06  1.09  3.73  0.87 -0.69  1.08  1.36  1.41  0.11  0.45  1.8  -0.86
  1.13 -0.86  0.27] 
[-0.05876149  1.08998559  3.73252882  0.87379551 -0.69209134  1.07607223
  1.35717737  1.41220475  0.10787602  0.44522857  1.80060603 -0.86259286
  1.13142633 -0.85895496  0.27476017 -0.31032979 -0.55467361]
new state: [-0.05  1.05  3.76  0.87 -0.69  1.08  1.36  1.41  0.11  0.45  1.8  -0.83
  1.2  -0.97  0.35 -0.25 -0.6 ] 
new state: [-0.03  1.04  3.79  0.87 -0.69  1.08  1.36  1.41  0.11  0.45  1.8  -0.83
  1.2  -0.97  0.36 -0.26 -0.6 ] 
new state: [-0.    1.02  3.82  0.87 -0.69  1.08  1.36  1.41  0.11  0.45  1.8  -0.83
  1.2  -0.98  0.37 -0.28 -0.61] 
new state: [ 0.03  0.99  3.84  0.87 -0.69  1.08  1.36  1.41  0.11  0.45  1.8  -0.83
  1.2  -0.98  0.39 -0.32 -0.6 ] 
new state: [ 0.08  0.97  3.86  0.87 -0.69  1.08  1.36  1.41  0.11  0.45  1.8  -0.83
  1.2  -0.99  0.42 -0.36 -0.61] 
new state: [ 0.1   0.94  3.88  0.87 -0.69  1.08  1.36  1.41  0.11  0.45  1.8  -0.83
  1.2  -0.99  0.45 -0.4  -0.6 ] 
[ 0.10494122  0.93849005  3.88370778  0.87379551 -0.69209134  1.07607223
  1.35717737  1.41220475  0.10787602  0.44522857  1.80060603 -0.82814842
  1.20235512 -0.98681532  0.44901786 -0.40397735 -0.60353262  0.12965409
 -0.89348459]
new state: [ 0.12  0.92  3.9   0.87 -0.69  1.08  1.36  1.41  0.11  0.45  1.8  -0.83
  1.2  -1.02  0.58 -0.61 -0.56  0.18 -0.91] 
new state: [ 0.14  0.91  3.92  0.87 -0.69  1.08  1.36  1.41  0.11  0.45  1.8  -0.83
  1.2  -1.03  0.59 -0.62 -0.55  0.17 -0.91] 
new state: [ 0.15  0.9   3.94  0.87 -0.69  1.08  1.36  1.41  0.11  0.45  1.8  -0.83
  1.2  -1.02  0.6  -0.63 -0.55  0.15 -0.91] 
new state: [ 0.15  0.9   3.95  0.87 -0.69  1.08  1.36  1.41  0.11  0.45  1.8  -0.83
  1.2  -1.02  0.61 -0.64 -0.54  0.14 -0.92] 
new state: [ 0.14  0.9   3.97  0.87 -0.69  1.08  1.36  1.41  0.11  0.45  1.8  -0.83
  1.2  -1.02  0.61 -0.64 -0.54  0.14 -0.92] 
new state: [ 0.13  0.91  3.98  0.87 -0.69  1.08  1.36  1.41  0.11  0.45  1.8  -0.83
  1.2  -1.02  0.61 -0.65 -0.54  0.14 -0.92] 
new state: [ 0.13  0.91  3.99  0.87 -0.69  1.08  1.36  1.41  0.11  0.45  1.8  -0.83
  1.2  -1.02  0.61 -0.65 -0.54  0.14 -0.92] 
new state: [ 0.12  0.91  4.    0.87 -0.69  1.08  1.36  1.41  0.11  0.45  1.8  -0.83
  1.2  -1.03  0.61 -0.65 -0.54  0.14 -0.91] 
new state: [ 0.11  0.92  4.01  0.87 -0.69  1.08  1.36  1.41  0.11  0.45  1.8  -0.83
  1.2  -1.03  0.6  -0.65 -0.54  0.14 -0.91] 
new state: [ 0.1   0.92  4.02  0.87 -0.69  1.08  1.36  1.41  0.11  0.45  1.8  -0.83
  1.2  -1.04  0.6  -0.65 -0.54  0.15 -0.9 ] 
new state: [ 0.09  0.93  4.03  0.87 -0.69  1.08  1.36  1.41  0.11  0.45  1.8  -0.83
  1.2  -1.04  0.6  -0.64 -0.54  0.15 -0.9 ] 
new state: [ 0.08  0.93  4.04  0.87 -0.69  1.08  1.36  1.41  0.11  0.45  1.8  -0.83
  1.2  -1.05  0.59 -0.64 -0.54  0.15 -0.9 ] 
new state: [ 0.07  0.93  4.04  0.87 -0.69  1.08  1.36  1.41  0.11  0.45  1.8  -0.83
  1.2  -1.06  0.59 -0.64 -0.55  0.16 -0.89] 
new state: [ 0.07  0.94  4.05  0.87 -0.69  1.08  1.36  1.41  0.11  0.45  1.8  -0.83
  1.2  -1.06  0.59 -0.64 -0.55  0.16 -0.89] 
new state: [ 0.06  0.94  4.05  0.87 -0.69  1.08  1.36  1.41  0.11  0.45  1.8  -0.83
  1.2  -1.07  0.58 -0.64 -0.55  0.16 -0.88] 
new state: [ 0.05  0.94  4.06  0.87 -0.69  1.08  1.36  1.41  0.11  0.45  1.8  -0.83
  1.2  -1.07  0.58 -0.64 -0.55  0.17 -0.88] 
new state: [ 0.05  0.95  4.06  0.87 -0.69  1.08  1.36  1.41  0.11  0.45  1.8  -0.83
  1.2  -1.08  0.58 -0.64 -0.55  0.17 -0.88] 
new state: [ 0.04  0.95  4.06  0.87 -0.69  1.08  1.36  1.41  0.11  0.45  1.8  -0.83
  1.2  -1.08  0.58 -0.64 -0.55  0.17 -0.87] 
new state: [ 0.04  0.95  4.06  0.87 -0.69  1.08  1.36  1.41  0.11  0.45  1.8  -0.83
  1.2  -1.08  0.57 -0.64 -0.55  0.17 -0.87] 
new state: [ 0.04  0.95  4.06  0.87 -0.69  1.08  1.36  1.41  0.11  0.45  1.8  -0.83
  1.2  -1.09  0.57 -0.64 -0.55  0.17 -0.87] 
new state: [ 0.03  0.95  4.07  0.87 -0.69  1.08  1.36  1.41  0.11  0.45  1.8  -0.83
  1.2  -1.09  0.57 -0.64 -0.55  0.17 -0.87] 
new state: [ 0.03  0.96  4.07  0.87 -0.69  1.08  1.36  1.41  0.11  0.45  1.8  -0.83
  1.2  -1.09  0.57 -0.64 -0.55  0.17 -0.86] 
new state: [ 0.03  0.96  4.07  0.87 -0.69  1.08  1.36  1.41  0.11  0.45  1.8  -0.83
  1.2  -1.1   0.57 -0.64 -0.54  0.17 -0.86] 
new state: [ 0.03  0.96  4.07  0.87 -0.69  1.08  1.36  1.41  0.11  0.45  1.8  -0.83
  1.2  -1.1   0.57 -0.64 -0.54  0.17 -0.86] 
new state: [ 0.02  0.96  4.07  0.87 -0.69  1.08  1.36  1.41  0.11  0.45  1.8  -0.83
  1.2  -1.1   0.57 -0.64 -0.54  0.17 -0.86] 
new state: [ 0.02  0.96  4.07  0.87 -0.69  1.08  1.36  1.41  0.11  0.45  1.8  -0.83
  1.2  -1.1   0.57 -0.64 -0.54  0.17 -0.86] 
new state: [ 0.02  0.96  4.06  0.87 -0.69  1.08  1.36  1.41  0.11  0.45  1.8  -0.83
  1.2  -1.11  0.57 -0.64 -0.54  0.17 -0.86] 
new state: [ 0.02  0.96  4.06  0.87 -0.69  1.08  1.36  1.41  0.11  0.45  1.8  -0.83
  1.2  -1.11  0.58 -0.65 -0.54  0.16 -0.86] 
new state: [ 0.02  0.96  4.06  0.87 -0.69  1.08  1.36  1.41  0.11  0.45  1.8  -0.83
  1.2  -1.11  0.58 -0.65 -0.54  0.16 -0.86] 
new state: [ 0.02  0.96  4.06  0.87 -0.69  1.08  1.36  1.41  0.11  0.45  1.8  -0.83
  1.2  -1.11  0.58 -0.65 -0.54  0.16 -0.85] 
new state: [ 0.02  0.96  4.06  0.87 -0.69  1.08  1.36  1.41  0.11  0.45  1.8  -0.83
  1.2  -1.11  0.58 -0.65 -0.54  0.16 -0.85] 
new state: [ 0.02  0.96  4.06  0.87 -0.69  1.08  1.36  1.41  0.11  0.45  1.8  -0.83
  1.2  -1.11  0.58 -0.66 -0.53  0.15 -0.85] 
new state: [ 0.02  0.96  4.05  0.87 -0.69  1.08  1.36  1.41  0.11  0.45  1.8  -0.83
  1.2  -1.11  0.59 -0.66 -0.53  0.15 -0.85] 
new state: [ 0.02  0.96  4.05  0.87 -0.69  1.08  1.36  1.41  0.11  0.45  1.8  -0.83
  1.2  -1.11  0.59 -0.66 -0.53  0.15 -0.85] 
new state: [ 0.02  0.96  4.05  0.87 -0.69  1.08  1.36  1.41  0.11  0.45  1.8  -0.83
  1.2  -1.11  0.59 -0.66 -0.53  0.14 -0.85] 
new state: [ 0.02  0.96  4.05  0.87 -0.69  1.08  1.36  1.41  0.11  0.45  1.8  -0.83
  1.2  -1.11  0.59 -0.67 -0.53  0.14 -0.85] 
new state: [ 0.02  0.96  4.04  0.87 -0.69  1.08  1.36  1.41  0.11  0.45  1.8  -0.83
  1.2  -1.11  0.6  -0.67 -0.53  0.14 -0.85] 
new state: [ 0.02  0.96  4.04  0.87 -0.69  1.08  1.36  1.41  0.11  0.45  1.8  -0.83
  1.2  -1.11  0.6  -0.67 -0.52  0.13 -0.85] 
new state: [ 0.02  0.96  4.04  0.87 -0.69  1.08  1.36  1.41  0.11  0.45  1.8  -0.83
  1.2  -1.11  0.6  -0.68 -0.52  0.13 -0.85] 
new state: [ 0.03  0.96  4.03  0.87 -0.69  1.08  1.36  1.41  0.11  0.45  1.8  -0.83
  1.2  -1.12  0.61 -0.68 -0.52  0.12 -0.85] 
new state: [ 0.03  0.96  4.03  0.87 -0.69  1.08  1.36  1.41  0.11  0.45  1.8  -0.83
  1.2  -1.12  0.61 -0.68 -0.52  0.12 -0.85] 
new state: [ 0.03  0.96  4.03  0.87 -0.69  1.08  1.36  1.41  0.11  0.45  1.8  -0.83
  1.2  -1.12  0.61 -0.69 -0.52  0.11 -0.85] 
new state: [ 0.03  0.96  4.02  0.87 -0.69  1.08  1.36  1.41  0.11  0.45  1.8  -0.83
  1.2  -1.12  0.62 -0.69 -0.51  0.11 -0.85] 
new state: [ 0.03  0.96  4.02  0.87 -0.69  1.08  1.36  1.41  0.11  0.45  1.8  -0.83
  1.2  -1.12  0.62 -0.7  -0.51  0.1  -0.86] 
new state: [ 0.03  0.96  4.02  0.87 -0.69  1.08  1.36  1.41  0.11  0.45  1.8  -0.83
  1.2  -1.12  0.62 -0.7  -0.51  0.1  -0.86] 
new state: [ 0.03  0.96  4.01  0.87 -0.69  1.08  1.36  1.41  0.11  0.45  1.8  -0.83
  1.2  -1.12  0.63 -0.7  -0.51  0.09 -0.86] 
new state: [ 0.03  0.96  4.01  0.87 -0.69  1.08  1.36  1.41  0.11  0.45  1.8  -0.83
  1.2  -1.12  0.63 -0.71 -0.5   0.09 -0.86] 
new state: [ 0.03  0.96  4.01  0.87 -0.69  1.08  1.36  1.41  0.11  0.45  1.8  -0.83
  1.2  -1.12  0.63 -0.71 -0.5   0.08 -0.86] 
new state: [ 0.03  0.96  4.01  0.87 -0.69  1.08  1.36  1.41  0.11  0.45  1.8  -0.83
  1.2  -1.12  0.64 -0.71 -0.5   0.08 -0.86] 
new state: [ 0.03  0.96  4.    0.87 -0.69  1.08  1.36  1.41  0.11  0.45  1.8  -0.83
  1.2  -1.12  0.64 -0.72 -0.5   0.07 -0.86] 
new state: [ 0.03  0.96  4.    0.87 -0.69  1.08  1.36  1.41  0.11  0.45  1.8  -0.83
  1.2  -1.12  0.64 -0.72 -0.5   0.07 -0.86] 
new state: [ 0.03  0.96  4.    0.87 -0.69  1.08  1.36  1.41  0.11  0.45  1.8  -0.83
  1.2  -1.12  0.65 -0.73 -0.49  0.06 -0.86] 
new state: [ 0.03  0.96  3.99  0.87 -0.69  1.08  1.36  1.41  0.11  0.45  1.8  -0.83
  1.2  -1.12  0.65 -0.73 -0.49  0.06 -0.86] 
new state: [ 0.03  0.97  3.99  0.87 -0.69  1.08  1.36  1.41  0.11  0.45  1.8  -0.83
  1.2  -1.12  0.66 -0.73 -0.49  0.05 -0.86] 
new state: [ 0.03  0.97  3.99  0.87 -0.69  1.08  1.36  1.41  0.11  0.45  1.8  -0.83
  1.2  -1.12  0.66 -0.74 -0.49  0.05 -0.86] 
new state: [ 0.03  0.97  3.99  0.87 -0.69  1.08  1.36  1.41  0.11  0.45  1.8  -0.83
  1.2  -1.12  0.66 -0.74 -0.48  0.04 -0.85] 
new state: [ 0.03  0.97  3.98  0.87 -0.69  1.08  1.36  1.41  0.11  0.45  1.8  -0.83
  1.2  -1.12  0.67 -0.75 -0.48  0.04 -0.85] 
new state: [ 0.03  0.97  3.98  0.87 -0.69  1.08  1.36  1.41  0.11  0.45  1.8  -0.83
  1.2  -1.12  0.67 -0.75 -0.48  0.03 -0.85] 
new state: [ 0.03  0.97  3.98  0.87 -0.69  1.08  1.36  1.41  0.11  0.45  1.8  -0.83
  1.2  -1.12  0.67 -0.75 -0.48  0.03 -0.85] 
new state: [ 0.03  0.97  3.98  0.87 -0.69  1.08  1.36  1.41  0.11  0.45  1.8  -0.83
  1.2  -1.13  0.68 -0.76 -0.47  0.03 -0.85] 
new state: [ 0.03  0.97  3.97  0.87 -0.69  1.08  1.36  1.41  0.11  0.45  1.8  -0.83
  1.2  -1.13  0.68 -0.76 -0.47  0.02 -0.85] 
new state: [ 0.03  0.97  3.97  0.87 -0.69  1.08  1.36  1.41  0.11  0.45  1.8  -0.83
  1.2  -1.13  0.68 -0.76 -0.47  0.02 -0.85] 
new state: [ 0.03  0.97  3.97  0.87 -0.69  1.08  1.36  1.41  0.11  0.45  1.8  -0.83
  1.2  -1.13  0.69 -0.77 -0.47  0.01 -0.85] 
new state: [ 0.03  0.97  3.97  0.87 -0.69  1.08  1.36  1.41  0.11  0.45  1.8  -0.83
  1.2  -1.13  0.69 -0.77 -0.46  0.01 -0.85] 
new state: [ 0.03  0.97  3.96  0.87 -0.69  1.08  1.36  1.41  0.11  0.45  1.8  -0.83
  1.2  -1.13  0.69 -0.78 -0.46  0.   -0.85] 
new state: [ 0.03  0.97  3.96  0.87 -0.69  1.08  1.36  1.41  0.11  0.45  1.8  -0.83
  1.2  -1.13  0.7  -0.78 -0.46 -0.   -0.85] 
new state: [ 0.03  0.97  3.96  0.87 -0.69  1.08  1.36  1.41  0.11  0.45  1.8  -0.83
  1.2  -1.13  0.7  -0.78 -0.46 -0.01 -0.85] 
new state: [ 0.03  0.97  3.96  0.87 -0.69  1.08  1.36  1.41  0.11  0.45  1.8  -0.83
  1.2  -1.13  0.7  -0.79 -0.45 -0.01 -0.85] 
move to way point [-0.293       0.707       3.92699082]
new state: [ 0.    0.94  3.95  0.87 -0.69  1.08  1.36  1.41  0.11  0.45  1.8  -0.83
  1.2  -1.14  0.7  -0.8  -0.46 -0.02 -0.85] 
new state: [ 0.    0.94  3.95  0.87 -0.69  1.08  1.36  1.41  0.11  0.45  1.8  -0.83
  1.2  -1.14  0.7  -0.8  -0.46 -0.03 -0.86] 
new state: [-0.    0.93  3.95  0.87 -0.69  1.08  1.36  1.41  0.11  0.45  1.8  -0.83
  1.2  -1.15  0.7  -0.81 -0.46 -0.04 -0.87] 
new state: [-0.01  0.92  3.95  0.87 -0.69  1.08  1.36  1.41  0.11  0.45  1.8  -0.83
  1.2  -1.15  0.69 -0.82 -0.47 -0.05 -0.87] 
new state: [-0.02  0.91  3.95  0.87 -0.69  1.08  1.36  1.41  0.11  0.45  1.8  -0.83
  1.2  -1.16  0.69 -0.83 -0.47 -0.06 -0.88] 
new state: [-0.02  0.91  3.94  0.87 -0.69  1.08  1.36  1.41  0.11  0.45  1.8  -0.83
  1.2  -1.17  0.68 -0.84 -0.48 -0.07 -0.88] 
new state: [-0.03  0.9   3.94  0.87 -0.69  1.08  1.36  1.41  0.11  0.45  1.8  -0.83
  1.2  -1.17  0.68 -0.84 -0.48 -0.08 -0.89] 
new state: [-0.03  0.9   3.94  0.87 -0.69  1.08  1.36  1.41  0.11  0.45  1.8  -0.83
  1.2  -1.18  0.68 -0.85 -0.49 -0.08 -0.9 ] 
new state: [-0.04  0.89  3.94  0.87 -0.69  1.08  1.36  1.41  0.11  0.45  1.8  -0.83
  1.2  -1.18  0.67 -0.86 -0.49 -0.09 -0.9 ] 
new state: [-0.06  0.87  3.94  0.87 -0.69  1.08  1.36  1.41  0.11  0.45  1.8  -0.83
  1.2  -1.18  0.67 -0.86 -0.49 -0.09 -0.91] 
new state: [-0.08  0.86  3.94  0.87 -0.69  1.08  1.36  1.41  0.11  0.45  1.8  -0.83
  1.2  -1.19  0.67 -0.86 -0.49 -0.09 -0.91] 
new state: [-0.1   0.86  3.94  0.87 -0.69  1.08  1.36  1.41  0.11  0.45  1.8  -0.83
  1.2  -1.19  0.67 -0.87 -0.51 -0.09 -0.91] 
new state: [-0.13  0.84  3.93  0.87 -0.69  1.08  1.36  1.41  0.11  0.45  1.8  -0.83
  1.2  -1.2   0.67 -0.87 -0.51 -0.08 -0.91] 
new state: [-0.16  0.82  3.93  0.87 -0.69  1.08  1.36  1.41  0.11  0.45  1.8  -0.83
  1.2  -1.2   0.66 -0.86 -0.51 -0.08 -0.9 ] 
new state: [-0.19  0.8   3.93  0.87 -0.69  1.08  1.36  1.41  0.11  0.45  1.8  -0.83
  1.2  -1.2   0.66 -0.85 -0.5  -0.07 -0.89] 
new state: [-0.21  0.79  3.93  0.87 -0.69  1.08  1.36  1.41  0.11  0.45  1.8  -0.83
  1.2  -1.21  0.66 -0.85 -0.5  -0.06 -0.89] 
new state: [-0.23  0.77  3.93  0.87 -0.69  1.08  1.36  1.41  0.11  0.45  1.8  -0.83
  1.2  -1.21  0.65 -0.84 -0.5  -0.07 -0.89] 
new state: [-0.25  0.76  3.93  0.87 -0.69  1.08  1.36  1.41  0.11  0.45  1.8  -0.83
  1.2  -1.21  0.65 -0.84 -0.5  -0.07 -0.89] 
new state: [-0.27  0.75  3.93  0.87 -0.69  1.08  1.36  1.41  0.11  0.45  1.8  -0.83
  1.2  -1.21  0.65 -0.83 -0.5  -0.07 -0.89] 
move to way point [-0.293       0.707       4.71238898]
new state: [-0.28  0.76  3.99  0.87 -0.69  1.08  1.36  1.41  0.11  0.45  1.8  -0.83
  1.2  -1.22  0.64 -0.81 -0.5  -0.07 -0.89] 
new state: [-0.32  0.76  4.05  0.87 -0.69  1.08  1.36  1.41  0.11  0.45  1.8  -0.83
  1.2  -1.22  0.63 -0.77 -0.5  -0.07 -0.89] 
new state: [-0.36  0.76  4.1   0.87 -0.69  1.08  1.36  1.41  0.11  0.45  1.8  -0.83
  1.2  -1.22  0.61 -0.72 -0.49 -0.07 -0.89] 
new state: [-0.39  0.77  4.15  0.87 -0.69  1.08  1.36  1.41  0.11  0.45  1.8  -0.83
  1.2  -1.22  0.59 -0.68 -0.48 -0.07 -0.89] 
new state: [-0.42  0.77  4.2   0.87 -0.69  1.08  1.36  1.41  0.11  0.45  1.8  -0.83
  1.2  -1.23  0.57 -0.63 -0.47 -0.07 -0.89] 
new state: [-0.44  0.77  4.25  0.87 -0.69  1.08  1.36  1.41  0.11  0.45  1.8  -0.83
  1.2  -1.23  0.55 -0.58 -0.45 -0.07 -0.89] 
new state: [-0.47  0.77  4.3   0.87 -0.69  1.08  1.36  1.41  0.11  0.45  1.8  -0.83
  1.2  -1.23  0.53 -0.54 -0.44 -0.07 -0.89] 
new state: [-0.47  0.77  4.34  0.87 -0.69  1.08  1.36  1.41  0.11  0.45  1.8  -0.83
  1.2  -1.24  0.52 -0.51 -0.43 -0.07 -0.89] 
new state: [-0.45  0.76  4.38  0.87 -0.69  1.08  1.36  1.41  0.11  0.45  1.8  -0.83
  1.2  -1.24  0.52 -0.51 -0.43 -0.07 -0.89] 
new state: [-0.51  0.67  4.42  0.87 -0.69  1.08  1.36  1.41  0.11  0.45  1.8  -0.83
  1.2  -1.29  0.47 -0.59 -0.49  0.14 -0.7 ] 
new state: [-0.49  0.68  4.45  0.87 -0.69  1.08  1.36  1.41  0.11  0.45  1.8  -0.83
  1.2  -1.29  0.47 -0.6  -0.5   0.16 -0.69] 
new state: [-0.47  0.67  4.49  0.87 -0.69  1.08  1.36  1.41  0.11  0.45  1.8  -0.83
  1.2  -1.29  0.47 -0.61 -0.49  0.18 -0.68] 
new state: [-0.44  0.67  4.52  0.87 -0.69  1.08  1.36  1.41  0.11  0.45  1.8  -0.83
  1.2  -1.29  0.47 -0.63 -0.49  0.18 -0.68] 
new state: [-0.41  0.68  4.55  0.87 -0.69  1.08  1.36  1.41  0.11  0.45  1.8  -0.83
  1.2  -1.29  0.47 -0.64 -0.49  0.17 -0.69] 
new state: [-0.36  0.68  4.58  0.87 -0.69  1.08  1.36  1.41  0.11  0.45  1.8  -0.83
  1.2  -1.29  0.47 -0.66 -0.47  0.16 -0.7 ] 
new state: [-0.31  0.68  4.6   0.87 -0.69  1.08  1.36  1.41  0.11  0.45  1.8  -0.83
  1.2  -1.29  0.47 -0.68 -0.46  0.13 -0.72] 
new state: [-0.27  0.68  4.63  0.87 -0.69  1.08  1.36  1.41  0.11  0.45  1.8  -0.83
  1.2  -1.29  0.47 -0.7  -0.44  0.11 -0.73] 
new state: [-0.24  0.68  4.65  0.87 -0.69  1.08  1.36  1.41  0.11  0.45  1.8  -0.83
  1.2  -1.29  0.47 -0.71 -0.43  0.09 -0.74] 
new state: [-0.22  0.69  4.67  0.87 -0.69  1.08  1.36  1.41  0.11  0.45  1.8  -0.83
  1.2  -1.29  0.47 -0.72 -0.42  0.07 -0.75] 
new state: [-0.23  0.65  4.69  1.1  -0.49  1.08  1.36  1.41  0.11  0.45  1.8  -0.83
  1.2  -1.33  0.44 -0.77 -0.44  0.02 -0.8 ] 
new state: [-0.2   0.67  4.71  1.11 -0.5   1.08  1.36  1.41  0.11  0.45  1.8  -0.83
  1.2  -1.33  0.44 -0.78 -0.43 -0.   -0.81] 
new state: [-0.19  0.67  4.72  1.11 -0.5   1.08  1.36  1.41  0.11  0.45  1.8  -0.83
  1.2  -1.33  0.44 -0.79 -0.42 -0.01 -0.81] 
new state: [-0.19  0.66  4.74  1.12 -0.5   1.08  1.36  1.41  0.11  0.45  1.8  -0.83
  1.2  -1.33  0.44 -0.79 -0.41 -0.02 -0.82] 
new state: [-0.2   0.66  4.75  1.12 -0.49  1.08  1.36  1.41  0.11  0.45  1.8  -0.83
  1.2  -1.33  0.44 -0.79 -0.41 -0.02 -0.82] 
new state: [-0.2   0.66  4.77  1.12 -0.48  1.08  1.36  1.41  0.11  0.45  1.8  -0.83
  1.2  -1.33  0.44 -0.79 -0.41 -0.02 -0.82] 
new state: [-0.21  0.66  4.78  1.12 -0.47  1.08  1.36  1.41  0.11  0.45  1.8  -0.83
  1.2  -1.33  0.44 -0.79 -0.42 -0.02 -0.82] 
new state: [-0.22  0.65  4.79  1.13 -0.46  1.08  1.36  1.41  0.11  0.45  1.8  -0.83
  1.2  -1.33  0.44 -0.79 -0.42 -0.02 -0.82] 
new state: [-0.23  0.65  4.8   1.13 -0.45  1.08  1.36  1.41  0.11  0.45  1.8  -0.83
  1.2  -1.33  0.44 -0.79 -0.43 -0.01 -0.82] 
new state: [-0.23  0.66  4.81  1.13 -0.44  1.08  1.36  1.41  0.11  0.45  1.8  -0.83
  1.2  -1.33  0.44 -0.79 -0.43 -0.01 -0.82] 
new state: [-0.23  0.66  4.81  1.13 -0.44  1.08  1.36  1.41  0.11  0.45  1.8  -0.83
  1.2  -1.33  0.44 -0.79 -0.43 -0.01 -0.82] 
new state: [-0.24  0.66  4.82  1.13 -0.43  1.08  1.36  1.41  0.11  0.45  1.8  -0.83
  1.2  -1.33  0.44 -0.79 -0.43 -0.01 -0.82] 
new state: [-0.24  0.66  4.83  1.13 -0.43  1.08  1.36  1.41  0.11  0.45  1.8  -0.83
  1.2  -1.33  0.44 -0.79 -0.43 -0.01 -0.81] 
new state: [-0.25  0.66  4.83  1.13 -0.42  1.08  1.36  1.41  0.11  0.45  1.8  -0.83
  1.2  -1.33  0.44 -0.79 -0.44 -0.01 -0.81] 
new state: [-0.25  0.66  4.84  1.13 -0.41  1.08  1.36  1.41  0.11  0.45  1.8  -0.83
  1.2  -1.33  0.44 -0.79 -0.44 -0.01 -0.81] 
new state: [-0.26  0.66  4.84  1.13 -0.41  1.08  1.36  1.41  0.11  0.45  1.8  -0.83
  1.2  -1.33  0.44 -0.79 -0.44 -0.   -0.81] 
new state: [-0.26  0.66  4.84  1.13 -0.4   1.08  1.36  1.41  0.11  0.45  1.8  -0.83
  1.2  -1.33  0.44 -0.79 -0.44 -0.   -0.81] 
new state: [-0.26  0.66  4.85  1.13 -0.4   1.08  1.36  1.41  0.11  0.45  1.8  -0.83
  1.2  -1.33  0.44 -0.79 -0.45  0.   -0.81] 
new state: [-0.26  0.66  4.85  1.13 -0.39  1.08  1.36  1.41  0.11  0.45  1.8  -0.83
  1.2  -1.33  0.44 -0.79 -0.45  0.   -0.81] 
new state: [-0.27  0.66  4.85  1.13 -0.39  1.08  1.36  1.41  0.11  0.45  1.8  -0.83
  1.2  -1.33  0.44 -0.79 -0.45  0.   -0.81] 
new state: [-0.27  0.66  4.85  1.13 -0.38  1.08  1.36  1.41  0.11  0.45  1.8  -0.83
  1.2  -1.33  0.44 -0.79 -0.45  0.   -0.8 ] 
new state: [-0.27  0.67  4.85  1.13 -0.38  1.08  1.36  1.41  0.11  0.45  1.8  -0.83
  1.2  -1.33  0.44 -0.79 -0.45  0.   -0.8 ] 
new state: [-0.27  0.67  4.85  1.13 -0.38  1.08  1.36  1.41  0.11  0.45  1.8  -0.83
  1.2  -1.33  0.44 -0.79 -0.45  0.01 -0.8 ] 
new state: [-0.27  0.67  4.85  1.13 -0.37  1.08  1.36  1.41  0.11  0.45  1.8  -0.83
  1.2  -1.33  0.44 -0.79 -0.45  0.01 -0.8 ] 
new state: [-0.27  0.67  4.85  1.13 -0.37  1.08  1.36  1.41  0.11  0.45  1.8  -0.83
  1.2  -1.33  0.44 -0.79 -0.45  0.01 -0.8 ] 
new state: [-0.27  0.67  4.85  1.13 -0.37  1.08  1.36  1.41  0.11  0.45  1.8  -0.83
  1.2  -1.33  0.44 -0.79 -0.45  0.   -0.8 ] 
new state: [-0.27  0.67  4.85  1.13 -0.37  1.08  1.36  1.41  0.11  0.45  1.8  -0.83
  1.2  -1.33  0.44 -0.79 -0.44  0.   -0.8 ] 
new state: [-0.27  0.68  4.85  1.13 -0.37  1.08  1.36  1.41  0.11  0.45  1.8  -0.83
  1.2  -1.33  0.44 -0.79 -0.44  0.   -0.79] 
new state: [-0.27  0.68  4.85  1.13 -0.37  1.08  1.36  1.41  0.11  0.45  1.8  -0.83
  1.2  -1.33  0.44 -0.79 -0.44  0.   -0.79] 
[-2.68676039e-01  6.76770054e-01  4.84645779e+00  1.12888612e+00
 -3.67692487e-01  1.07607223e+00  1.35717737e+00  1.41220475e+00
  1.07876020e-01  4.45228566e-01  1.80060603e+00 -8.28148418e-01
  1.20235512e+00 -1.32814283e+00  4.38717318e-01 -7.88944251e-01
 -4.40228106e-01  2.91515074e-03 -7.92963977e-01 -2.83547845e+00
 -5.20882067e+00]
new state: [-0.27  0.68  4.84  1.13 -0.37  1.08  1.36  1.41  0.11  0.45  1.8  -0.83
  1.2  -1.33  0.44 -0.79 -0.43 -0.   -0.79 -2.84 -5.2 ] 
new state: [-0.27  0.68  4.84  1.13 -0.37  1.08  1.36  1.41  0.11  0.45  1.8  -0.83
  1.2  -1.33  0.44 -0.79 -0.43 -0.   -0.79 -2.84 -5.2 ] 
new state: [-0.27  0.68  4.84  1.13 -0.37  1.08  1.36  1.41  0.11  0.45  1.8  -0.83
  1.2  -1.33  0.44 -0.79 -0.43 -0.   -0.79 -2.84 -5.2 ] 
new state: [-0.27  0.69  4.84  1.12 -0.37  1.08  1.36  1.41  0.11  0.45  1.8  -0.83
  1.2  -1.33  0.44 -0.79 -0.43 -0.   -0.78 -2.84 -5.2 ] 
new state: [-0.26  0.69  4.84  1.12 -0.37  1.08  1.36  1.41  0.11  0.45  1.8  -0.83
  1.2  -1.33  0.44 -0.79 -0.42 -0.01 -0.78 -2.84 -5.2 ] 
new state: [-0.26  0.69  4.83  1.12 -0.37  1.08  1.36  1.41  0.11  0.45  1.8  -0.83
  1.2  -1.33  0.44 -0.8  -0.42 -0.01 -0.78 -2.84 -5.2 ] 
new state: [-0.26  0.69  4.83  1.12 -0.37  1.08  1.36  1.41  0.11  0.45  1.8  -0.83
  1.2  -1.33  0.44 -0.8  -0.42 -0.01 -0.78 -2.84 -5.2 ] 
new state: [-0.26  0.69  4.83  1.12 -0.37  1.08  1.36  1.41  0.11  0.45  1.8  -0.83
  1.2  -1.33  0.44 -0.8  -0.42 -0.01 -0.78 -2.84 -5.2 ] 
new state: [-0.26  0.7   4.82  1.12 -0.37  1.08  1.36  1.41  0.11  0.45  1.8  -0.83
  1.2  -1.33  0.44 -0.8  -0.41 -0.01 -0.78 -2.84 -5.2 ] 
new state: [-0.26  0.7   4.82  1.12 -0.37  1.08  1.36  1.41  0.11  0.45  1.8  -0.83
  1.2  -1.33  0.44 -0.8  -0.41 -0.02 -0.78 -2.84 -5.2 ] 
new state: [-0.25  0.7   4.82  1.12 -0.38  1.08  1.36  1.41  0.11  0.45  1.8  -0.83
  1.2  -1.33  0.44 -0.8  -0.41 -0.02 -0.78 -2.84 -5.2 ] 
new state: [-0.25  0.7   4.82  1.12 -0.38  1.08  1.36  1.41  0.11  0.45  1.8  -0.83
  1.2  -1.33  0.44 -0.8  -0.4  -0.02 -0.77 -2.84 -5.2 ] 
new state: [-0.25  0.7   4.81  1.11 -0.38  1.08  1.36  1.41  0.11  0.45  1.8  -0.83
  1.2  -1.33  0.44 -0.8  -0.4  -0.02 -0.77 -2.84 -5.2 ] 
new state: [-0.25  0.7   4.81  1.11 -0.38  1.08  1.36  1.41  0.11  0.45  1.8  -0.83
  1.2  -1.33  0.44 -0.81 -0.4  -0.03 -0.77 -2.84 -5.2 ] 
new state: [-0.25  0.71  4.81  1.11 -0.38  1.08  1.36  1.41  0.11  0.45  1.8  -0.83
  1.2  -1.33  0.44 -0.81 -0.39 -0.03 -0.77 -2.84 -5.2 ] 
new state: [-0.25  0.71  4.8   1.11 -0.39  1.08  1.36  1.41  0.11  0.45  1.8  -0.83
  1.2  -1.33  0.44 -0.81 -0.39 -0.03 -0.77 -2.84 -5.2 ] 
new state: [-0.25  0.71  4.8   1.11 -0.39  1.08  1.36  1.41  0.11  0.45  1.8  -0.83
  1.2  -1.33  0.44 -0.81 -0.39 -0.03 -0.77 -2.84 -5.2 ] 
new state: [-0.24  0.71  4.8   1.11 -0.39  1.08  1.36  1.41  0.11  0.45  1.8  -0.83
  1.2  -1.33  0.44 -0.81 -0.38 -0.04 -0.77 -2.84 -5.2 ] 
new state: [-0.24  0.71  4.79  1.1  -0.39  1.08  1.36  1.41  0.11  0.45  1.8  -0.83
  1.2  -1.33  0.44 -0.82 -0.38 -0.04 -0.77 -2.84 -5.2 ] 
new state: [-0.24  0.71  4.79  1.1  -0.4   1.08  1.36  1.41  0.11  0.45  1.8  -0.83
  1.2  -1.33  0.44 -0.82 -0.38 -0.04 -0.77 -2.84 -5.2 ] 
new state: [-0.24  0.71  4.79  1.1  -0.4   1.08  1.36  1.41  0.11  0.45  1.8  -0.83
  1.2  -1.33  0.44 -0.82 -0.37 -0.05 -0.77 -2.84 -5.2 ] 
new state: [-0.24  0.72  4.78  1.1  -0.4   1.08  1.36  1.41  0.11  0.45  1.8  -0.83
  1.2  -1.33  0.44 -0.82 -0.37 -0.05 -0.76 -2.84 -5.2 ] 
new state: [-0.24  0.72  4.78  1.1  -0.41  1.08  1.36  1.41  0.11  0.45  1.8  -0.83
  1.2  -1.33  0.44 -0.82 -0.37 -0.05 -0.76 -2.84 -5.2 ] 
new state: [-0.24  0.72  4.78  1.09 -0.41  1.08  1.36  1.41  0.11  0.45  1.8  -0.83
  1.2  -1.33  0.44 -0.83 -0.36 -0.06 -0.76 -2.84 -5.2 ] 
new state: [-0.24  0.72  4.78  1.09 -0.41  1.08  1.36  1.41  0.11  0.45  1.8  -0.83
  1.2  -1.33  0.44 -0.83 -0.36 -0.06 -0.76 -2.84 -5.2 ] 
new state: [-0.24  0.72  4.77  1.09 -0.41  1.08  1.36  1.41  0.11  0.45  1.8  -0.83
  1.2  -1.33  0.44 -0.83 -0.36 -0.06 -0.76 -2.84 -5.2 ] 
new state: [-0.24  0.72  4.77  1.09 -0.42  1.08  1.36  1.41  0.11  0.45  1.8  -0.83
  1.2  -1.33  0.44 -0.83 -0.35 -0.07 -0.76 -2.84 -5.2 ] 
new state: [-0.24  0.72  4.77  1.08 -0.42  1.08  1.36  1.41  0.11  0.45  1.8  -0.83
  1.2  -1.33  0.44 -0.83 -0.35 -0.07 -0.76 -2.84 -5.2 ] 
new state: [-0.24  0.72  4.77  1.08 -0.42  1.08  1.36  1.41  0.11  0.45  1.8  -0.83
  1.2  -1.33  0.44 -0.84 -0.35 -0.07 -0.76 -2.84 -5.2 ] 
new state: [-0.24  0.72  4.76  1.08 -0.42  1.08  1.36  1.41  0.11  0.45  1.8  -0.83
  1.2  -1.33  0.44 -0.84 -0.35 -0.08 -0.76 -2.84 -5.2 ] 
new state: [-0.24  0.73  4.76  1.08 -0.43  1.08  1.36  1.41  0.11  0.45  1.8  -0.83
  1.2  -1.33  0.44 -0.84 -0.34 -0.08 -0.76 -2.84 -5.2 ] 
new state: [-0.24  0.73  4.76  1.07 -0.43  1.08  1.36  1.41  0.11  0.45  1.8  -0.83
  1.2  -1.33  0.44 -0.84 -0.34 -0.08 -0.76 -2.84 -5.2 ] 
new state: [-0.24  0.73  4.76  1.07 -0.43  1.08  1.36  1.41  0.11  0.45  1.8  -0.83
  1.2  -1.33  0.44 -0.85 -0.34 -0.09 -0.76 -2.84 -5.2 ] 
new state: [-0.24  0.73  4.75  1.07 -0.43  1.08  1.36  1.41  0.11  0.45  1.8  -0.83
  1.2  -1.33  0.44 -0.85 -0.34 -0.09 -0.76 -2.84 -5.2 ] 
new state: [-0.24  0.73  4.75  1.07 -0.43  1.08  1.36  1.41  0.11  0.45  1.8  -0.83
  1.2  -1.33  0.44 -0.85 -0.33 -0.09 -0.76 -2.84 -5.2 ] 
new state: [-0.24  0.73  4.75  1.06 -0.44  1.08  1.36  1.41  0.11  0.45  1.8  -0.83
  1.2  -1.33  0.44 -0.85 -0.33 -0.1  -0.76 -2.84 -5.2 ] 
new state: [-0.24  0.73  4.75  1.06 -0.44  1.08  1.36  1.41  0.11  0.45  1.8  -0.83
  1.2  -1.33  0.44 -0.86 -0.33 -0.1  -0.75 -2.84 -5.2 ] 
new state: [-0.24  0.73  4.75  1.06 -0.44  1.08  1.36  1.41  0.11  0.45  1.8  -0.83
  1.2  -1.33  0.44 -0.86 -0.33 -0.1  -0.75 -2.84 -5.2 ] 
new state: [-0.24  0.73  4.74  1.06 -0.44  1.08  1.36  1.41  0.11  0.45  1.8  -0.83
  1.2  -1.33  0.44 -0.86 -0.32 -0.11 -0.75 -2.84 -5.2 ] 
new state: [-0.24  0.73  4.74  1.05 -0.45  1.08  1.36  1.41  0.11  0.45  1.8  -0.83
  1.2  -1.33  0.44 -0.86 -0.32 -0.11 -0.75 -2.84 -5.2 ] 
new state: [-0.24  0.73  4.74  1.05 -0.45  1.08  1.36  1.41  0.11  0.45  1.8  -0.83
  1.2  -1.33  0.44 -0.87 -0.32 -0.11 -0.75 -2.84 -5.2 ] 
new state: [-0.24  0.73  4.74  1.05 -0.45  1.08  1.36  1.41  0.11  0.45  1.8  -0.83
  1.2  -1.33  0.44 -0.87 -0.32 -0.12 -0.75 -2.84 -5.2 ] 
new state: [-0.24  0.73  4.74  1.04 -0.45  1.08  1.36  1.41  0.11  0.45  1.8  -0.83
  1.2  -1.33  0.44 -0.87 -0.32 -0.12 -0.75 -2.84 -5.2 ] 
new state: [-0.24  0.73  4.73  1.04 -0.45  1.08  1.36  1.41  0.11  0.45  1.8  -0.83
  1.2  -1.33  0.44 -0.87 -0.32 -0.12 -0.75 -2.84 -5.2 ] 
new state: [-0.24  0.73  4.73  1.04 -0.45  1.08  1.36  1.41  0.11  0.45  1.8  -0.83
  1.2  -1.33  0.44 -0.88 -0.31 -0.13 -0.75 -2.84 -5.2 ] 
new state: [-0.24  0.73  4.73  1.04 -0.46  1.08  1.36  1.41  0.11  0.45  1.8  -0.83
  1.2  -1.33  0.44 -0.88 -0.31 -0.13 -0.75 -2.84 -5.2 ] 
new state: [-0.25  0.73  4.73  1.03 -0.46  1.08  1.36  1.41  0.11  0.45  1.8  -0.83
  1.2  -1.33  0.44 -0.88 -0.31 -0.13 -0.75 -2.84 -5.2 ] 
new state: [-0.25  0.73  4.73  1.03 -0.46  1.08  1.36  1.41  0.11  0.45  1.8  -0.83
  1.2  -1.33  0.44 -0.88 -0.31 -0.14 -0.75 -2.84 -5.2 ] 
new state: [-0.25  0.73  4.73  1.03 -0.46  1.08  1.36  1.41  0.11  0.45  1.8  -0.83
  1.2  -1.33  0.44 -0.89 -0.31 -0.14 -0.75 -2.84 -5.2 ] 
new state: [-0.25  0.73  4.73  1.02 -0.46  1.08  1.36  1.41  0.11  0.45  1.8  -0.83
  1.2  -1.33  0.44 -0.89 -0.31 -0.14 -0.75 -2.84 -5.2 ] 
new state: [-0.25  0.73  4.73  1.02 -0.46  1.08  1.36  1.41  0.11  0.45  1.8  -0.83
  1.2  -1.33  0.44 -0.89 -0.31 -0.15 -0.75 -2.84 -5.2 ] 
new state: [-0.25  0.73  4.72  1.02 -0.47  1.08  1.36  1.41  0.11  0.45  1.8  -0.83
  1.2  -1.33  0.44 -0.89 -0.31 -0.15 -0.75 -2.84 -5.2 ] 
new state: [-0.25  0.73  4.72  1.02 -0.47  1.08  1.36  1.41  0.11  0.45  1.8  -0.83
  1.2  -1.33  0.44 -0.9  -0.31 -0.15 -0.75 -2.84 -5.2 ] 
move to way point [-0.293       0.293       4.71238898]
new state: [-0.25  0.7   4.72  1.01 -0.48  1.08  1.36  1.41  0.11  0.45  1.8  -0.83
  1.2  -1.33  0.44 -0.9  -0.31 -0.16 -0.76 -2.84 -5.2 ] 
new state: [-0.25  0.69  4.72  1.01 -0.48  1.08  1.36  1.41  0.11  0.45  1.8  -0.83
  1.2  -1.33  0.44 -0.9  -0.32 -0.16 -0.77 -2.84 -5.2 ] 
new state: [-0.25  0.67  4.72  1.01 -0.49  1.08  1.36  1.41  0.11  0.45  1.8  -0.83
  1.2  -1.33  0.44 -0.9  -0.33 -0.16 -0.77 -2.84 -5.2 ] 
new state: [-0.25  0.66  4.72  1.01 -0.5   1.08  1.36  1.41  0.11  0.45  1.8  -0.83
  1.2  -1.33  0.44 -0.9  -0.33 -0.16 -0.78 -2.84 -5.2 ] 
new state: [-0.25  0.65  4.72  1.01 -0.51  1.08  1.36  1.41  0.11  0.45  1.8  -0.83
  1.2  -1.33  0.44 -0.9  -0.34 -0.16 -0.79 -2.84 -5.2 ] 
new state: [-0.25  0.65  4.72  1.01 -0.52  1.08  1.36  1.41  0.11  0.45  1.8  -0.83
  1.2  -1.33  0.44 -0.91 -0.35 -0.17 -0.8  -2.84 -5.2 ] 
new state: [-0.25  0.64  4.72  1.   -0.53  1.08  1.36  1.41  0.11  0.45  1.8  -0.83
  1.2  -1.33  0.44 -0.91 -0.36 -0.17 -0.81 -2.84 -5.2 ] 
new state: [-0.25  0.63  4.72  1.   -0.54  1.08  1.36  1.41  0.11  0.45  1.8  -0.83
  1.2  -1.33  0.44 -0.91 -0.37 -0.17 -0.82 -2.84 -5.2 ] 
new state: [-0.25  0.57  4.72  1.   -0.55  1.08  1.36  1.41  0.11  0.45  1.8  -0.83
  1.2  -1.33  0.44 -0.91 -0.37 -0.17 -0.83 -2.84 -5.2 ] 
new state: [-0.26  0.55  4.72  1.   -0.55  1.08  1.36  1.41  0.11  0.45  1.8  -0.83
  1.2  -1.33  0.44 -0.91 -0.38 -0.17 -0.83 -2.84 -5.2 ] 
new state: [-0.26  0.52  4.72  1.   -0.54  1.08  1.36  1.41  0.11  0.45  1.8  -0.83
  1.2  -1.33  0.44 -0.91 -0.38 -0.17 -0.83 -2.84 -5.2 ] 
new state: [-0.27  0.5   4.71  1.   -0.54  1.08  1.36  1.41  0.11  0.45  1.8  -0.83
  1.2  -1.33  0.44 -0.91 -0.38 -0.17 -0.83 -2.84 -5.2 ] 
new state: [-0.27  0.47  4.71  1.   -0.54  1.08  1.36  1.41  0.11  0.45  1.8  -0.83
  1.2  -1.33  0.44 -0.91 -0.39 -0.17 -0.83 -2.84 -5.2 ] 
new state: [-0.28  0.45  4.71  1.   -0.54  1.08  1.36  1.41  0.11  0.45  1.8  -0.83
  1.2  -1.33  0.44 -0.91 -0.39 -0.16 -0.83 -2.84 -5.2 ] 
new state: [-0.29  0.43  4.71  1.   -0.54  1.08  1.36  1.41  0.11  0.45  1.8  -0.83
  1.2  -1.33  0.44 -0.91 -0.4  -0.16 -0.83 -2.84 -5.2 ] 
new state: [-0.29  0.41  4.71  1.   -0.54  1.08  1.36  1.41  0.11  0.45  1.8  -0.83
  1.2  -1.33  0.44 -0.91 -0.4  -0.15 -0.83 -2.84 -5.2 ] 
new state: [-0.3   0.38  4.71  1.   -0.54  1.08  1.36  1.41  0.11  0.45  1.8  -0.83
  1.2  -1.33  0.44 -0.91 -0.4  -0.15 -0.82 -2.84 -5.2 ] 
new state: [-0.3   0.35  4.71  1.   -0.54  1.08  1.36  1.41  0.11  0.45  1.8  -0.83
  1.2  -1.33  0.44 -0.91 -0.4  -0.15 -0.82 -2.84 -5.2 ] 
new state: [-0.3   0.33  4.71  1.   -0.54  1.08  1.36  1.41  0.11  0.45  1.8  -0.83
  1.2  -1.33  0.44 -0.91 -0.39 -0.15 -0.81 -2.84 -5.2 ] 
move to way point [-0.293       0.293       5.49778714]
new state: [-0.32  0.32  4.77  1.   -0.54  1.08  1.36  1.41  0.11  0.45  1.8  -0.83
  1.2  -1.33  0.44 -0.9  -0.4  -0.13 -0.8  -2.84 -5.2 ] 
new state: [-0.34  0.3   4.83  1.   -0.54  1.08  1.36  1.41  0.11  0.45  1.8  -0.83
  1.2  -1.33  0.44 -0.9  -0.4  -0.11 -0.78 -2.84 -5.2 ] 
new state: [-0.37  0.29  4.89  1.   -0.54  1.08  1.36  1.41  0.11  0.45  1.8  -0.83
  1.2  -1.33  0.44 -0.89 -0.41 -0.09 -0.76 -2.84 -5.2 ] 
new state: [-0.39  0.28  4.94  1.   -0.54  1.08  1.36  1.41  0.11  0.45  1.8  -0.83
  1.2  -1.33  0.44 -0.88 -0.43 -0.07 -0.73 -2.84 -5.2 ] 
new state: [-0.41  0.27  4.99  1.   -0.54  1.08  1.36  1.41  0.11  0.45  1.8  -0.83
  1.2  -1.33  0.44 -0.86 -0.44 -0.05 -0.71 -2.84 -5.2 ] 
new state: [-0.43  0.26  5.04  1.   -0.54  1.08  1.36  1.41  0.11  0.45  1.8  -0.83
  1.2  -1.33  0.44 -0.85 -0.45 -0.02 -0.68 -2.84 -5.2 ] 
new state: [-0.45  0.25  5.08  1.   -0.54  1.08  1.36  1.41  0.11  0.45  1.8  -0.83
  1.2  -1.33  0.44 -0.84 -0.47 -0.   -0.65 -2.84 -5.2 ] 
new state: [-0.46  0.25  5.12  1.   -0.54  1.08  1.36  1.41  0.11  0.45  1.8  -0.83
  1.2  -1.33  0.44 -0.83 -0.48  0.02 -0.63 -2.84 -5.2 ] 
new state: [-0.45  0.25  5.16  1.   -0.54  1.08  1.36  1.41  0.11  0.45  1.8  -0.83
  1.2  -1.33  0.44 -0.83 -0.48  0.03 -0.62 -2.84 -5.2 ] 
new state: [-0.44  0.25  5.2   1.   -0.54  1.08  1.36  1.41  0.11  0.45  1.8  -0.83
  1.2  -1.33  0.44 -0.83 -0.48  0.03 -0.62 -2.84 -5.2 ] 
new state: [-0.42  0.25  5.24  1.   -0.54  1.08  1.36  1.41  0.11  0.45  1.8  -0.83
  1.2  -1.33  0.44 -0.83 -0.48  0.03 -0.62 -2.84 -5.2 ] 
new state: [-0.41  0.13  5.27  1.03 -0.21  1.08  1.36  1.41  0.11  0.45  1.8  -0.83
  1.2  -1.33  0.44 -0.84 -0.57  0.02 -0.74 -2.84 -5.2 ] 
new state: [-0.39  0.15  5.3   1.03 -0.19  1.08  1.36  1.41  0.11  0.45  1.8  -0.83
  1.2  -1.33  0.44 -0.84 -0.57  0.01 -0.74 -2.84 -5.2 ] 
new state: [-0.36  0.17  5.33  1.02 -0.19  1.08  1.36  1.41  0.11  0.45  1.8  -0.83
  1.2  -1.33  0.44 -0.84 -0.57 -0.01 -0.75 -2.84 -5.2 ] 
new state: [-0.33  0.19  5.36  1.02 -0.2   1.08  1.36  1.41  0.11  0.45  1.8  -0.83
  1.2  -1.33  0.44 -0.84 -0.57 -0.02 -0.75 -2.84 -5.2 ] 
new state: [-0.32  0.21  5.39  1.02 -0.21  1.08  1.36  1.41  0.11  0.45  1.8  -0.83
  1.2  -1.33  0.44 -0.84 -0.57 -0.04 -0.75 -2.84 -5.2 ] 
new state: [-0.3   0.22  5.41  1.02 -0.21  1.08  1.36  1.41  0.11  0.45  1.8  -0.83
  1.2  -1.33  0.44 -0.84 -0.57 -0.05 -0.75 -2.84 -5.2 ] 
new state: [-0.27  0.25  5.43  1.01 -0.25  1.08  1.36  1.41  0.11  0.45  1.8  -0.83
  1.2  -1.33  0.44 -0.84 -0.57 -0.07 -0.74 -2.84 -5.2 ] 
new state: [-0.25  0.27  5.45  1.01 -0.27  1.08  1.36  1.41  0.11  0.45  1.8  -0.83
  1.2  -1.33  0.44 -0.84 -0.57 -0.09 -0.73 -2.84 -5.2 ] 
new state: [-0.24  0.28  5.47  1.01 -0.29  1.08  1.36  1.41  0.11  0.45  1.8  -0.83
  1.2  -1.33  0.44 -0.84 -0.57 -0.1  -0.73 -2.84 -5.2 ] 
new state: [-0.24  0.26  5.49  1.   -0.35  1.08  1.36  1.46  0.36  0.45  1.8  -0.83
  1.2  -1.33  0.44 -0.85 -0.6  -0.12 -0.76 -2.85 -5.22] 
new state: [-0.23  0.28  5.51  1.01 -0.37  1.08  1.36  1.47  0.36  0.45  1.8  -0.83
  1.2  -1.33  0.44 -0.85 -0.6  -0.13 -0.75 -2.85 -5.22] 
new state: [-0.21  0.29  5.52  1.   -0.38  1.08  1.36  1.46  0.36  0.45  1.8  -0.83
  1.2  -1.33  0.44 -0.85 -0.6  -0.14 -0.74 -2.85 -5.22] 
new state: [-0.21  0.3   5.54  1.   -0.39  1.08  1.36  1.45  0.36  0.45  1.8  -0.83
  1.2  -1.33  0.44 -0.85 -0.6  -0.15 -0.74 -2.85 -5.22] 
new state: [-0.21  0.29  5.55  1.   -0.39  1.08  1.36  1.45  0.36  0.45  1.8  -0.83
  1.2  -1.33  0.44 -0.85 -0.6  -0.15 -0.74 -2.85 -5.22] 
new state: [-0.21  0.29  5.56  1.01 -0.39  1.08  1.36  1.44  0.37  0.45  1.8  -0.83
  1.2  -1.33  0.44 -0.85 -0.6  -0.15 -0.73 -2.85 -5.22] 
new state: [-0.21  0.29  5.57  1.01 -0.39  1.08  1.36  1.43  0.37  0.45  1.8  -0.83
  1.2  -1.33  0.44 -0.85 -0.6  -0.14 -0.73 -2.85 -5.22] 
new state: [-0.22  0.28  5.58  1.01 -0.39  1.08  1.36  1.43  0.38  0.45  1.8  -0.83
  1.2  -1.33  0.44 -0.85 -0.6  -0.14 -0.74 -2.85 -5.22] 
new state: [-0.22  0.28  5.59  1.01 -0.39  1.08  1.36  1.42  0.39  0.45  1.8  -0.83
  1.2  -1.33  0.44 -0.85 -0.6  -0.13 -0.74 -2.85 -5.22] 
new state: [-0.22  0.27  5.6   1.01 -0.38  1.08  1.36  1.41  0.4   0.45  1.8  -0.83
  1.2  -1.33  0.44 -0.85 -0.6  -0.13 -0.74 -2.85 -5.22] 
new state: [-0.23  0.27  5.61  1.02 -0.38  1.08  1.36  1.41  0.41  0.45  1.8  -0.83
  1.2  -1.33  0.44 -0.85 -0.6  -0.13 -0.74 -2.85 -5.22] 
new state: [-0.23  0.27  5.61  1.02 -0.37  1.08  1.36  1.41  0.41  0.45  1.8  -0.83
  1.2  -1.33  0.44 -0.85 -0.6  -0.12 -0.75 -2.85 -5.22] 
new state: [-0.23  0.27  5.62  1.02 -0.37  1.08  1.36  1.4   0.42  0.45  1.8  -0.83
  1.2  -1.33  0.44 -0.85 -0.6  -0.12 -0.75 -2.85 -5.22] 
new state: [-0.24  0.26  5.62  1.02 -0.37  1.08  1.36  1.4   0.43  0.45  1.8  -0.83
  1.2  -1.33  0.44 -0.85 -0.6  -0.12 -0.75 -2.85 -5.22] 
new state: [-0.24  0.26  5.63  1.02 -0.36  1.08  1.36  1.4   0.43  0.45  1.8  -0.83
  1.2  -1.33  0.44 -0.85 -0.6  -0.12 -0.75 -2.85 -5.22] 
new state: [-0.24  0.26  5.63  1.02 -0.36  1.08  1.36  1.39  0.44  0.45  1.8  -0.83
  1.2  -1.33  0.44 -0.85 -0.6  -0.12 -0.75 -2.85 -5.22] 
new state: [-0.24  0.26  5.63  1.02 -0.36  1.08  1.36  1.39  0.44  0.45  1.8  -0.83
  1.2  -1.33  0.44 -0.85 -0.6  -0.11 -0.75 -2.85 -5.22] 
new state: [-0.24  0.26  5.63  1.02 -0.35  1.08  1.36  1.39  0.45  0.45  1.8  -0.83
  1.2  -1.33  0.44 -0.85 -0.6  -0.11 -0.75 -2.85 -5.22] 
new state: [-0.25  0.26  5.64  1.02 -0.35  1.08  1.36  1.38  0.45  0.45  1.8  -0.83
  1.2  -1.33  0.44 -0.85 -0.6  -0.11 -0.75 -2.85 -5.22] 
new state: [-0.25  0.26  5.64  1.02 -0.35  1.08  1.36  1.38  0.45  0.45  1.8  -0.83
  1.2  -1.33  0.44 -0.85 -0.6  -0.11 -0.75 -2.85 -5.22] 
new state: [-0.25  0.26  5.64  1.02 -0.34  1.08  1.36  1.38  0.46  0.45  1.8  -0.83
  1.2  -1.33  0.44 -0.85 -0.6  -0.11 -0.75 -2.85 -5.22] 
new state: [-0.25  0.26  5.64  1.02 -0.34  1.08  1.36  1.38  0.46  0.45  1.8  -0.83
  1.2  -1.33  0.44 -0.85 -0.6  -0.11 -0.75 -2.85 -5.22] 
new state: [-0.25  0.26  5.64  1.02 -0.34  1.08  1.36  1.38  0.46  0.45  1.8  -0.83
  1.2  -1.33  0.44 -0.85 -0.6  -0.11 -0.75 -2.85 -5.22] 
new state: [-0.25  0.27  5.64  1.02 -0.34  1.08  1.36  1.37  0.47  0.45  1.8  -0.83
  1.2  -1.33  0.44 -0.85 -0.6  -0.11 -0.75 -2.85 -5.22] 
new state: [-0.25  0.27  5.64  1.02 -0.34  1.08  1.36  1.37  0.47  0.45  1.8  -0.83
  1.2  -1.33  0.44 -0.85 -0.6  -0.11 -0.75 -2.85 -5.22] 
new state: [-0.25  0.27  5.64  1.02 -0.34  1.08  1.36  1.37  0.47  0.45  1.8  -0.83
  1.2  -1.33  0.44 -0.85 -0.6  -0.11 -0.75 -2.85 -5.22] 
new state: [-0.25  0.27  5.63  1.01 -0.33  1.08  1.36  1.37  0.47  0.45  1.8  -0.83
  1.2  -1.33  0.44 -0.85 -0.6  -0.11 -0.75 -2.85 -5.22] 
new state: [-0.25  0.28  5.63  1.01 -0.33  1.08  1.36  1.37  0.47  0.45  1.8  -0.83
  1.2  -1.33  0.44 -0.85 -0.6  -0.12 -0.74 -2.85 -5.22] 
new state: [-0.26  0.28  5.63  1.01 -0.33  1.08  1.36  1.37  0.47  0.45  1.8  -0.83
  1.2  -1.33  0.44 -0.85 -0.6  -0.12 -0.74 -2.85 -5.22] 
new state: [-0.26  0.28  5.63  1.01 -0.33  1.08  1.36  1.37  0.47  0.45  1.8  -0.83
  1.2  -1.33  0.44 -0.85 -0.6  -0.12 -0.74 -2.85 -5.22] 
new state: [-0.26  0.28  5.63  1.01 -0.33  1.08  1.36  1.37  0.47  0.45  1.8  -0.83
  1.2  -1.33  0.44 -0.85 -0.6  -0.12 -0.74 -2.85 -5.22] 
new state: [-0.26  0.29  5.62  1.01 -0.33  1.08  1.36  1.37  0.47  0.45  1.8  -0.83
  1.2  -1.33  0.44 -0.85 -0.6  -0.12 -0.74 -2.85 -5.22] 
new state: [-0.26  0.29  5.62  1.01 -0.33  1.08  1.36  1.37  0.47  0.45  1.8  -0.83
  1.2  -1.33  0.44 -0.85 -0.6  -0.13 -0.73 -2.85 -5.22] 
new state: [-0.26  0.29  5.62  1.   -0.33  1.08  1.36  1.37  0.47  0.45  1.8  -0.83
  1.2  -1.33  0.44 -0.85 -0.6  -0.13 -0.73 -2.85 -5.22] 
new state: [-0.26  0.29  5.62  1.   -0.33  1.08  1.36  1.37  0.47  0.45  1.8  -0.83
  1.2  -1.33  0.44 -0.85 -0.6  -0.13 -0.73 -2.85 -5.22] 
new state: [-0.26  0.3   5.61  1.   -0.33  1.08  1.36  1.37  0.47  0.45  1.8  -0.83
  1.2  -1.33  0.44 -0.85 -0.6  -0.13 -0.72 -2.85 -5.22] 
new state: [-0.26  0.3   5.61  1.   -0.33  1.08  1.36  1.37  0.47  0.45  1.8  -0.83
  1.2  -1.33  0.44 -0.85 -0.6  -0.14 -0.72 -2.85 -5.22] 
new state: [-0.26  0.3   5.61  1.   -0.33  1.08  1.36  1.37  0.47  0.45  1.8  -0.83
  1.2  -1.33  0.44 -0.85 -0.6  -0.14 -0.72 -2.85 -5.22] 
new state: [-0.26  0.31  5.6   1.   -0.33  1.08  1.36  1.37  0.47  0.45  1.8  -0.83
  1.2  -1.33  0.44 -0.85 -0.6  -0.14 -0.72 -2.85 -5.22] 
new state: [-0.26  0.31  5.6   0.99 -0.33  1.08  1.36  1.37  0.46  0.45  1.8  -0.83
  1.2  -1.33  0.44 -0.85 -0.6  -0.14 -0.71 -2.85 -5.22] 
new state: [-0.26  0.31  5.6   0.99 -0.33  1.08  1.36  1.37  0.46  0.45  1.8  -0.83
  1.2  -1.33  0.44 -0.85 -0.6  -0.15 -0.71 -2.85 -5.22] 
new state: [-0.26  0.31  5.59  0.99 -0.33  1.08  1.36  1.37  0.46  0.45  1.8  -0.83
  1.2  -1.33  0.44 -0.85 -0.6  -0.15 -0.71 -2.85 -5.22] 
new state: [-0.26  0.32  5.59  0.99 -0.33  1.08  1.36  1.37  0.46  0.45  1.8  -0.83
  1.2  -1.33  0.44 -0.85 -0.6  -0.15 -0.71 -2.85 -5.22] 
new state: [-0.26  0.32  5.59  0.99 -0.33  1.08  1.36  1.37  0.46  0.45  1.8  -0.83
  1.2  -1.33  0.44 -0.85 -0.6  -0.16 -0.7  -2.85 -5.22] 
new state: [-0.26  0.32  5.59  0.98 -0.34  1.08  1.36  1.37  0.45  0.45  1.8  -0.83
  1.2  -1.33  0.44 -0.85 -0.6  -0.16 -0.7  -2.85 -5.22] 
new state: [-0.26  0.33  5.58  0.98 -0.34  1.08  1.36  1.37  0.45  0.45  1.8  -0.83
  1.2  -1.33  0.44 -0.85 -0.6  -0.16 -0.7  -2.85 -5.22] 
new state: [-0.26  0.33  5.58  0.98 -0.34  1.08  1.36  1.37  0.45  0.45  1.8  -0.83
  1.2  -1.33  0.44 -0.85 -0.6  -0.17 -0.7  -2.85 -5.22] 
new state: [-0.26  0.33  5.58  0.98 -0.34  1.08  1.36  1.37  0.45  0.45  1.8  -0.83
  1.2  -1.33  0.44 -0.85 -0.6  -0.17 -0.69 -2.85 -5.22] 
new state: [-0.26  0.33  5.57  0.97 -0.34  1.08  1.36  1.37  0.44  0.45  1.8  -0.83
  1.2  -1.33  0.44 -0.85 -0.6  -0.17 -0.69 -2.85 -5.22] 
new state: [-0.26  0.33  5.57  0.97 -0.34  1.08  1.36  1.37  0.44  0.45  1.8  -0.83
  1.2  -1.33  0.44 -0.85 -0.6  -0.18 -0.69 -2.85 -5.22] 
new state: [-0.26  0.34  5.57  0.97 -0.34  1.08  1.36  1.37  0.44  0.45  1.8  -0.83
  1.2  -1.33  0.44 -0.85 -0.6  -0.18 -0.69 -2.85 -5.22] 
new state: [-0.26  0.34  5.56  0.97 -0.34  1.08  1.36  1.37  0.44  0.45  1.8  -0.83
  1.2  -1.33  0.44 -0.85 -0.6  -0.18 -0.69 -2.85 -5.22] 
new state: [-0.26  0.34  5.56  0.97 -0.35  1.08  1.36  1.37  0.43  0.45  1.8  -0.83
  1.2  -1.33  0.44 -0.85 -0.6  -0.19 -0.68 -2.85 -5.22] 
new state: [-0.26  0.34  5.56  0.96 -0.35  1.08  1.36  1.37  0.43  0.45  1.8  -0.83
  1.2  -1.33  0.44 -0.85 -0.6  -0.19 -0.68 -2.85 -5.22] 
new state: [-0.26  0.34  5.56  0.96 -0.35  1.08  1.36  1.37  0.43  0.45  1.8  -0.83
  1.2  -1.33  0.44 -0.85 -0.6  -0.19 -0.68 -2.85 -5.22] 
new state: [-0.26  0.34  5.55  0.96 -0.35  1.08  1.36  1.37  0.43  0.45  1.8  -0.83
  1.2  -1.33  0.44 -0.85 -0.6  -0.2  -0.68 -2.85 -5.22] 
new state: [-0.26  0.35  5.55  0.96 -0.35  1.08  1.36  1.37  0.42  0.45  1.8  -0.83
  1.2  -1.33  0.44 -0.85 -0.6  -0.2  -0.68 -2.85 -5.22] 
new state: [-0.26  0.35  5.55  0.95 -0.35  1.08  1.36  1.37  0.42  0.45  1.8  -0.83
  1.2  -1.33  0.44 -0.85 -0.6  -0.2  -0.68 -2.85 -5.22] 
new state: [-0.26  0.35  5.55  0.95 -0.36  1.08  1.36  1.37  0.42  0.45  1.8  -0.83
  1.2  -1.33  0.44 -0.85 -0.6  -0.21 -0.67 -2.85 -5.22] 
new state: [-0.26  0.35  5.54  0.95 -0.36  1.08  1.36  1.37  0.41  0.45  1.8  -0.83
  1.2  -1.33  0.44 -0.85 -0.6  -0.21 -0.67 -2.85 -5.22] 
new state: [-0.26  0.35  5.54  0.95 -0.36  1.08  1.36  1.37  0.41  0.45  1.8  -0.83
  1.2  -1.33  0.44 -0.85 -0.6  -0.21 -0.67 -2.85 -5.22] 
new state: [-0.27  0.35  5.54  0.95 -0.36  1.08  1.36  1.37  0.41  0.45  1.8  -0.83
  1.2  -1.33  0.44 -0.85 -0.6  -0.21 -0.67 -2.85 -5.22] 
new state: [-0.27  0.35  5.54  0.94 -0.36  1.08  1.36  1.37  0.41  0.45  1.8  -0.83
  1.2  -1.33  0.44 -0.85 -0.6  -0.22 -0.67 -2.85 -5.22] 
new state: [-0.27  0.35  5.53  0.94 -0.36  1.08  1.36  1.37  0.4   0.45  1.8  -0.83
  1.2  -1.33  0.44 -0.85 -0.6  -0.22 -0.67 -2.85 -5.22] 
new state: [-0.27  0.35  5.53  0.94 -0.37  1.08  1.36  1.37  0.4   0.45  1.8  -0.83
  1.2  -1.33  0.44 -0.85 -0.6  -0.22 -0.67 -2.85 -5.22] 
new state: [-0.27  0.35  5.53  0.94 -0.37  1.08  1.36  1.37  0.4   0.45  1.8  -0.83
  1.2  -1.33  0.44 -0.85 -0.6  -0.23 -0.67 -2.85 -5.22] 
new state: [-0.27  0.35  5.53  0.93 -0.37  1.08  1.36  1.37  0.39  0.45  1.8  -0.83
  1.2  -1.33  0.44 -0.85 -0.6  -0.23 -0.67 -2.85 -5.22] 
new state: [-0.27  0.35  5.53  0.93 -0.37  1.08  1.36  1.37  0.39  0.45  1.8  -0.83
  1.2  -1.33  0.44 -0.85 -0.6  -0.23 -0.67 -2.85 -5.22] 
new state: [-0.27  0.35  5.53  0.93 -0.37  1.08  1.36  1.37  0.39  0.45  1.8  -0.83
  1.2  -1.33  0.44 -0.85 -0.6  -0.23 -0.67 -2.85 -5.22] 
new state: [-0.27  0.35  5.52  0.93 -0.38  1.08  1.36  1.37  0.39  0.45  1.8  -0.83
  1.2  -1.33  0.44 -0.85 -0.6  -0.24 -0.67 -2.85 -5.22] 
new state: [-0.27  0.35  5.52  0.93 -0.38  1.08  1.36  1.37  0.38  0.45  1.8  -0.83
  1.2  -1.33  0.44 -0.85 -0.6  -0.24 -0.67 -2.85 -5.22] 
new state: [-0.27  0.35  5.52  0.92 -0.38  1.08  1.36  1.37  0.38  0.45  1.8  -0.83
  1.2  -1.33  0.44 -0.85 -0.6  -0.24 -0.67 -2.85 -5.22] 
new state: [-0.27  0.35  5.52  0.92 -0.38  1.08  1.36  1.37  0.38  0.45  1.8  -0.83
  1.2  -1.33  0.44 -0.85 -0.6  -0.25 -0.67 -2.85 -5.22] 
new state: [-0.27  0.35  5.52  0.92 -0.38  1.08  1.36  1.37  0.38  0.45  1.8  -0.83
  1.2  -1.33  0.44 -0.85 -0.6  -0.25 -0.67 -2.85 -5.22] 
new state: [-0.28  0.35  5.52  0.92 -0.39  1.08  1.36  1.36  0.37  0.45  1.8  -0.83
  1.2  -1.33  0.44 -0.85 -0.6  -0.25 -0.67 -2.85 -5.22] 
new state: [-0.28  0.35  5.51  0.92 -0.39  1.08  1.36  1.36  0.37  0.45  1.8  -0.83
  1.2  -1.33  0.44 -0.85 -0.6  -0.25 -0.67 -2.85 -5.22] 
new state: [-0.28  0.35  5.51  0.91 -0.39  1.08  1.36  1.36  0.37  0.45  1.8  -0.83
  1.2  -1.33  0.44 -0.85 -0.6  -0.25 -0.67 -2.85 -5.22] 
new state: [-0.28  0.35  5.51  0.91 -0.39  1.08  1.36  1.36  0.36  0.45  1.8  -0.83
  1.2  -1.33  0.44 -0.85 -0.6  -0.26 -0.67 -2.85 -5.22] 
new state: [-0.28  0.35  5.51  0.91 -0.39  1.08  1.36  1.36  0.36  0.45  1.8  -0.83
  1.2  -1.33  0.44 -0.85 -0.6  -0.26 -0.67 -2.85 -5.22] 
new state: [-0.28  0.35  5.51  0.91 -0.4   1.08  1.36  1.36  0.36  0.45  1.8  -0.83
  1.2  -1.33  0.44 -0.85 -0.6  -0.26 -0.67 -2.85 -5.22] 
new state: [-0.28  0.35  5.51  0.91 -0.4   1.08  1.36  1.36  0.36  0.45  1.8  -0.83
  1.2  -1.33  0.44 -0.85 -0.6  -0.26 -0.67 -2.85 -5.22] 
new state: [-0.28  0.35  5.51  0.9  -0.4   1.08  1.36  1.36  0.35  0.45  1.8  -0.83
  1.2  -1.33  0.44 -0.85 -0.6  -0.27 -0.67 -2.85 -5.22] 
new state: [-0.28  0.35  5.51  0.9  -0.4   1.08  1.36  1.36  0.35  0.45  1.8  -0.83
  1.2  -1.33  0.44 -0.85 -0.6  -0.27 -0.67 -2.85 -5.22] 
new state: [-0.28  0.35  5.51  0.9  -0.4   1.08  1.36  1.36  0.35  0.45  1.8  -0.83
  1.2  -1.33  0.44 -0.85 -0.6  -0.27 -0.67 -2.85 -5.22] 
new state: [-0.29  0.34  5.51  0.9  -0.41  1.08  1.36  1.36  0.35  0.45  1.8  -0.83
  1.2  -1.33  0.44 -0.85 -0.6  -0.27 -0.67 -2.85 -5.22] 
new state: [-0.29  0.34  5.5   0.9  -0.41  1.08  1.36  1.35  0.34  0.45  1.8  -0.83
  1.2  -1.33  0.44 -0.85 -0.6  -0.27 -0.67 -2.85 -5.22] 
new state: [-0.29  0.34  5.5   0.9  -0.41  1.08  1.36  1.35  0.34  0.45  1.8  -0.83
  1.2  -1.33  0.44 -0.85 -0.6  -0.28 -0.67 -2.85 -5.22] 
move to way point [0.         0.         5.49778714]
new state: [-0.26  0.32  5.5   0.9  -0.42  1.08  1.36  1.36  0.34  0.45  1.8  -0.83
  1.2  -1.33  0.44 -0.85 -0.6  -0.27 -0.68 -2.85 -5.22] 
new state: [-0.25  0.31  5.5   0.9  -0.42  1.08  1.36  1.36  0.33  0.45  1.8  -0.83
  1.2  -1.33  0.44 -0.85 -0.6  -0.27 -0.69 -2.85 -5.22] 
new state: [-0.24  0.3   5.5   0.91 -0.43  1.08  1.36  1.37  0.32  0.45  1.8  -0.83
  1.2  -1.33  0.44 -0.85 -0.6  -0.26 -0.69 -2.85 -5.22] 
new state: [-0.24  0.29  5.5   0.91 -0.44  1.08  1.36  1.37  0.31  0.45  1.8  -0.83
  1.2  -1.33  0.44 -0.85 -0.6  -0.26 -0.7  -2.85 -5.22] 
new state: [-0.23  0.29  5.5   0.92 -0.44  1.08  1.36  1.38  0.31  0.45  1.8  -0.83
  1.2  -1.33  0.44 -0.85 -0.6  -0.25 -0.7  -2.85 -5.22] 
new state: [-0.22  0.28  5.5   0.92 -0.45  1.08  1.36  1.39  0.3   0.45  1.8  -0.83
  1.2  -1.33  0.44 -0.85 -0.6  -0.25 -0.71 -2.85 -5.22] 
new state: [-0.22  0.27  5.5   0.93 -0.46  1.08  1.36  1.39  0.29  0.45  1.8  -0.83
  1.2  -1.33  0.44 -0.85 -0.6  -0.24 -0.72 -2.85 -5.22] 
new state: [-0.21  0.26  5.5   0.94 -0.47  1.08  1.36  1.4   0.28  0.45  1.8  -0.83
  1.2  -1.33  0.44 -0.85 -0.6  -0.24 -0.73 -2.85 -5.22] 
new state: [-0.21  0.26  5.5   0.94 -0.48  1.08  1.36  1.41  0.27  0.45  1.8  -0.83
  1.2  -1.33  0.44 -0.85 -0.6  -0.24 -0.73 -2.85 -5.22] 
new state: [-0.19  0.24  5.5   0.94 -0.48  1.08  1.36  1.42  0.27  0.45  1.8  -0.83
  1.2  -1.33  0.44 -0.85 -0.6  -0.24 -0.74 -2.85 -5.22] 
new state: [-0.17  0.22  5.5   0.94 -0.48  1.08  1.36  1.42  0.27  0.45  1.8  -0.83
  1.2  -1.33  0.44 -0.85 -0.6  -0.24 -0.74 -2.85 -5.22] 
new state: [-0.15  0.2   5.5   0.94 -0.48  1.08  1.36  1.42  0.27  0.45  1.8  -0.83
  1.2  -1.33  0.44 -0.85 -0.6  -0.24 -0.74 -2.85 -5.22] 
new state: [-0.14  0.17  5.5   0.94 -0.49  1.08  1.36  1.42  0.27  0.45  1.8  -0.83
  1.2  -1.33  0.44 -0.85 -0.6  -0.24 -0.74 -2.85 -5.22] 
new state: [-0.13  0.16  5.5   0.95 -0.49  1.08  1.36  1.42  0.27  0.45  1.8  -0.83
  1.2  -1.33  0.44 -0.85 -0.6  -0.24 -0.74 -2.85 -5.22] 
new state: [-0.1   0.13  5.5   0.95 -0.49  1.08  1.36  1.42  0.27  0.45  1.8  -0.83
  1.2  -1.33  0.44 -0.85 -0.6  -0.24 -0.74 -2.85 -5.22] 
new state: [-0.08  0.11  5.5   0.94 -0.48  1.08  1.36  1.42  0.27  0.45  1.8  -0.83
  1.2  -1.33  0.44 -0.85 -0.6  -0.24 -0.74 -2.85 -5.22] 
new state: [-0.06  0.08  5.5   0.94 -0.48  1.08  1.36  1.42  0.27  0.45  1.8  -0.83
  1.2  -1.33  0.44 -0.85 -0.6  -0.24 -0.74 -2.85 -5.22] 
new state: [-0.05  0.06  5.5   0.93 -0.47  1.08  1.36  1.42  0.27  0.45  1.8  -0.83
  1.2  -1.33  0.44 -0.85 -0.6  -0.24 -0.74 -2.85 -5.22] 
new state: [-0.03  0.04  5.5   0.93 -0.46  1.08  1.36  1.42  0.27  0.45  1.8  -0.83
  1.2  -1.33  0.44 -0.85 -0.6  -0.24 -0.74 -2.85 -5.22] 
new state: [-0.02  0.02  5.5   0.92 -0.46  1.08  1.36  1.42  0.27  0.45  1.8  -0.83
  1.2  -1.33  0.44 -0.85 -0.6  -0.24 -0.74 -2.85 -5.22] 
move to way point [0. 0. 0.]
new state: [-0.01 -0.    5.56  0.92 -0.44  1.08  1.36  1.42  0.27  0.45  1.8  -0.83
  1.2  -1.33  0.44 -0.85 -0.6  -0.24 -0.74 -2.85 -5.22] 
new state: [-0.01 -0.02  5.62  0.92 -0.41  1.08  1.36  1.42  0.27  0.45  1.8  -0.83
  1.2  -1.33  0.44 -0.85 -0.6  -0.24 -0.74 -2.85 -5.22] 
new state: [-0.01 -0.05  5.67  0.92 -0.38  1.08  1.36  1.42  0.27  0.45  1.8  -0.83
  1.2  -1.33  0.44 -0.85 -0.6  -0.24 -0.74 -2.85 -5.22] 
new state: [-0.01 -0.07  5.72  0.92 -0.35  1.08  1.36  1.42  0.27  0.45  1.8  -0.83
  1.2  -1.33  0.44 -0.85 -0.6  -0.24 -0.74 -2.85 -5.22] 
new state: [-0.01 -0.09  5.77  0.92 -0.32  1.08  1.36  1.42  0.27  0.45  1.8  -0.83
  1.2  -1.33  0.44 -0.85 -0.6  -0.24 -0.74 -2.85 -5.22] 
new state: [-0.   -0.11  5.82  0.92 -0.29  1.08  1.36  1.42  0.27  0.45  1.8  -0.83
  1.2  -1.33  0.44 -0.85 -0.6  -0.24 -0.74 -2.85 -5.22] 
new state: [-0.   -0.13  5.87  0.91 -0.26  1.08  1.36  1.42  0.27  0.45  1.8  -0.83
  1.2  -1.33  0.44 -0.85 -0.6  -0.24 -0.74 -2.85 -5.22] 
new state: [ 0.   -0.14  5.91  0.91 -0.23  1.08  1.36  1.42  0.27  0.45  1.8  -0.83
  1.2  -1.33  0.44 -0.85 -0.6  -0.24 -0.74 -2.85 -5.22] 
new state: [ 0.   -0.14  5.99  0.91 -0.2   1.08  1.36  1.42  0.27  0.45  1.8  -0.83
  1.2  -1.33  0.44 -0.85 -0.6  -0.24 -0.74 -2.85 -5.22] 
new state: [ 0.1  -0.23  6.06  0.99 -0.3   1.08  1.36  1.24  0.5   0.45  1.8  -0.83
  1.2  -1.33  0.44 -0.85 -0.6  -0.24 -0.74 -2.85 -5.22] 
new state: [ 0.08 -0.2   6.09  0.99 -0.31  1.08  1.36  1.24  0.51  0.45  1.8  -0.83
  1.2  -1.33  0.44 -0.85 -0.6  -0.24 -0.74 -2.85 -5.22] 
new state: [ 0.08 -0.18  6.12  0.98 -0.32  1.08  1.36  1.24  0.52  0.45  1.8  -0.83
  1.2  -1.33  0.44 -0.85 -0.6  -0.24 -0.74 -2.85 -5.22] 
new state: [ 0.08 -0.16  6.15  0.98 -0.33  1.08  1.36  1.24  0.52  0.45  1.8  -0.83
  1.2  -1.33  0.44 -0.85 -0.6  -0.24 -0.74 -2.85 -5.22] 
new state: [ 0.07 -0.13  6.17  0.97 -0.33  1.08  1.36  1.25  0.51  0.45  1.8  -0.83
  1.2  -1.33  0.44 -0.85 -0.6  -0.24 -0.74 -2.85 -5.22] 
new state: [ 0.06 -0.1   6.2   0.97 -0.34  1.08  1.36  1.25  0.5   0.45  1.8  -0.83
  1.2  -1.33  0.44 -0.85 -0.6  -0.24 -0.74 -2.85 -5.22] 
new state: [ 0.05 -0.06  6.22  0.95 -0.35  1.08  1.36  1.27  0.48  0.45  1.8  -0.83
  1.2  -1.33  0.44 -0.85 -0.6  -0.24 -0.74 -2.85 -5.22] 
new state: [ 0.05 -0.03  6.24  0.94 -0.36  1.08  1.36  1.28  0.47  0.45  1.8  -0.83
  1.2  -1.33  0.44 -0.85 -0.6  -0.24 -0.74 -2.85 -5.22] 
new state: [ 0.04 -0.    6.26  0.93 -0.36  1.08  1.36  1.29  0.45  0.45  1.8  -0.83
  1.2  -1.33  0.44 -0.85 -0.6  -0.24 -0.74 -2.85 -5.22] 
[[ 7.48046435e+00 -2.99315133e-16  0.00000000e+00  7.43153506e+00
  -2.99603583e-16  0.00000000e+00  0.00000000e+00  7.43153593e+00
  -2.95822951e-16  0.00000000e+00  0.00000000e+00  0.00000000e+00
   0.00000000e+00  0.00000000e+00  0.00000000e+00  3.63960808e+00
  -1.17806231e-16  6.47947379e+00 -2.66365796e-16  1.94376788e+00
  -5.37188828e-17]
 [-2.99315133e-16  7.48046435e+00  0.00000000e+00 -3.00412811e-16
   7.43153506e+00  0.00000000e+00  0.00000000e+00 -3.09858734e-16
   7.43153593e+00  0.00000000e+00  0.00000000e+00  0.00000000e+00
   0.00000000e+00  0.00000000e+00  0.00000000e+00 -8.80742080e-17
   3.63960808e+00 -3.27292612e-16  6.47947379e+00 -3.35815066e-17
   1.94376788e+00]
 [ 0.00000000e+00  0.00000000e+00  9.50000000e+01  0.00000000e+00
   0.00000000e+00  0.00000000e+00  0.00000000e+00  0.00000000e+00
   0.00000000e+00  0.00000000e+00  0.00000000e+00  0.00000000e+00
   0.00000000e+00  0.00000000e+00  0.00000000e+00  0.00000000e+00
   0.00000000e+00  0.00000000e+00  0.00000000e+00  0.00000000e+00
   0.00000000e+00]
 [ 7.43153506e+00 -3.00412811e-16  0.00000000e+00  7.51452428e+00
  -2.98417702e-16  0.00000000e+00  0.00000000e+00  7.39747472e+00
  -2.95457286e-16  0.00000000e+00  0.00000000e+00  0.00000000e+00
   0.00000000e+00  0.00000000e+00  0.00000000e+00  3.63960808e+00
  -1.17180915e-16  6.47947507e+00 -2.66457769e-16  1.94376788e+00
  -5.29393481e-17]
 [-2.99603583e-16  7.43153506e+00  0.00000000e+00 -2.98417702e-16
   7.51452428e+00  0.00000000e+00  0.00000000e+00 -3.11329307e-16
   7.39747472e+00  0.00000000e+00  0.00000000e+00  0.00000000e+00
   0.00000000e+00  0.00000000e+00  0.00000000e+00 -8.86749090e-17
   3.63960808e+00 -3.22669610e-16  6.47947507e+00 -3.45342058e-17
   1.94376788e+00]
 [ 0.00000000e+00  0.00000000e+00  0.00000000e+00  0.00000000e+00
   0.00000000e+00  4.20000000e+01  0.00000000e+00  0.00000000e+00
   0.00000000e+00  0.00000000e+00  0.00000000e+00  0.00000000e+00
   0.00000000e+00  0.00000000e+00  0.00000000e+00  0.00000000e+00
   0.00000000e+00  0.00000000e+00  0.00000000e+00  0.00000000e+00
   0.00000000e+00]
 [ 0.00000000e+00  0.00000000e+00  0.00000000e+00  0.00000000e+00
   0.00000000e+00  0.00000000e+00  4.20000000e+01  0.00000000e+00
   0.00000000e+00  0.00000000e+00  0.00000000e+00  0.00000000e+00
   0.00000000e+00  0.00000000e+00  0.00000000e+00  0.00000000e+00
   0.00000000e+00  0.00000000e+00  0.00000000e+00  0.00000000e+00
   0.00000000e+00]
 [ 7.43153593e+00 -3.09858734e-16  0.00000000e+00  7.39747472e+00
  -3.11329307e-16  0.00000000e+00  0.00000000e+00  7.51452596e+00
  -3.03929436e-16  0.00000000e+00  0.00000000e+00  0.00000000e+00
   0.00000000e+00  0.00000000e+00  0.00000000e+00  3.63960808e+00
  -1.23928811e-16  6.47947253e+00 -2.81511511e-16  1.94376788e+00
  -5.68976153e-17]
 [-2.95822951e-16  7.43153593e+00  0.00000000e+00 -2.95457286e-16
   7.39747472e+00  0.00000000e+00  0.00000000e+00 -3.03929436e-16
   7.51452596e+00  0.00000000e+00  0.00000000e+00  0.00000000e+00
   0.00000000e+00  0.00000000e+00  0.00000000e+00 -8.64459099e-17
   3.63960808e+00 -3.18629249e-16  6.47947253e+00 -3.33325227e-17
   1.94376788e+00]
 [ 0.00000000e+00  0.00000000e+00  0.00000000e+00  0.00000000e+00
   0.00000000e+00  0.00000000e+00  0.00000000e+00  0.00000000e+00
   0.00000000e+00  4.20000000e+01  0.00000000e+00  0.00000000e+00
   0.00000000e+00  0.00000000e+00  0.00000000e+00  0.00000000e+00
   0.00000000e+00  0.00000000e+00  0.00000000e+00  0.00000000e+00
   0.00000000e+00]
 [ 0.00000000e+00  0.00000000e+00  0.00000000e+00  0.00000000e+00
   0.00000000e+00  0.00000000e+00  0.00000000e+00  0.00000000e+00
   0.00000000e+00  0.00000000e+00  4.20000000e+01  0.00000000e+00
   0.00000000e+00  0.00000000e+00  0.00000000e+00  0.00000000e+00
   0.00000000e+00  0.00000000e+00  0.00000000e+00  0.00000000e+00
   0.00000000e+00]
 [ 0.00000000e+00  0.00000000e+00  0.00000000e+00  0.00000000e+00
   0.00000000e+00  0.00000000e+00  0.00000000e+00  0.00000000e+00
   0.00000000e+00  0.00000000e+00  0.00000000e+00  4.20000000e+01
   0.00000000e+00  0.00000000e+00  0.00000000e+00  0.00000000e+00
   0.00000000e+00  0.00000000e+00  0.00000000e+00  0.00000000e+00
   0.00000000e+00]
 [ 0.00000000e+00  0.00000000e+00  0.00000000e+00  0.00000000e+00
   0.00000000e+00  0.00000000e+00  0.00000000e+00  0.00000000e+00
   0.00000000e+00  0.00000000e+00  0.00000000e+00  0.00000000e+00
   4.20000000e+01  0.00000000e+00  0.00000000e+00  0.00000000e+00
   0.00000000e+00  0.00000000e+00  0.00000000e+00  0.00000000e+00
   0.00000000e+00]
 [ 0.00000000e+00  0.00000000e+00  0.00000000e+00  0.00000000e+00
   0.00000000e+00  0.00000000e+00  0.00000000e+00  0.00000000e+00
   0.00000000e+00  0.00000000e+00  0.00000000e+00  0.00000000e+00
   0.00000000e+00  4.20000000e+01  0.00000000e+00  0.00000000e+00
   0.00000000e+00  0.00000000e+00  0.00000000e+00  0.00000000e+00
   0.00000000e+00]
 [ 0.00000000e+00  0.00000000e+00  0.00000000e+00  0.00000000e+00
   0.00000000e+00  0.00000000e+00  0.00000000e+00  0.00000000e+00
   0.00000000e+00  0.00000000e+00  0.00000000e+00  0.00000000e+00
   0.00000000e+00  0.00000000e+00  4.20000000e+01  0.00000000e+00
   0.00000000e+00  0.00000000e+00  0.00000000e+00  0.00000000e+00
   0.00000000e+00]
 [ 3.63960808e+00 -8.80742080e-17  0.00000000e+00  3.63960808e+00
  -8.86749090e-17  0.00000000e+00  0.00000000e+00  3.63960808e+00
  -8.64459099e-17  0.00000000e+00  0.00000000e+00  0.00000000e+00
   0.00000000e+00  0.00000000e+00  0.00000000e+00  1.77454145e+01
  -2.06264644e-17  3.63960808e+00 -6.95858881e-17  1.97612611e+00
   1.17793399e-17]
 [-1.17806231e-16  3.63960808e+00  0.00000000e+00 -1.17180915e-16
   3.63960808e+00  0.00000000e+00  0.00000000e+00 -1.23928811e-16
   3.63960808e+00  0.00000000e+00  0.00000000e+00  0.00000000e+00
   0.00000000e+00  0.00000000e+00  0.00000000e+00 -2.06264644e-17
   1.77454145e+01 -1.13279664e-16  3.63960808e+00  1.28967268e-17
   1.97612611e+00]
 [ 6.47947379e+00 -3.27292612e-16  0.00000000e+00  6.47947507e+00
  -3.22669610e-16  0.00000000e+00  0.00000000e+00  6.47947253e+00
  -3.18629249e-16  0.00000000e+00  0.00000000e+00  0.00000000e+00
   0.00000000e+00  0.00000000e+00  0.00000000e+00  3.63960808e+00
  -1.13279664e-16  9.38458775e+00 -3.16449903e-16  1.94376788e+00
  -4.04560214e-17]
 [-2.66365796e-16  6.47947379e+00  0.00000000e+00 -2.66457769e-16
   6.47947507e+00  0.00000000e+00  0.00000000e+00 -2.81511511e-16
   6.47947253e+00  0.00000000e+00  0.00000000e+00  0.00000000e+00
   0.00000000e+00  0.00000000e+00  0.00000000e+00 -6.95858881e-17
   3.63960808e+00 -3.16449903e-16  9.38458775e+00 -4.77156753e-17
   1.94376788e+00]
 [ 1.94376788e+00 -3.35815066e-17  0.00000000e+00  1.94376788e+00
  -3.45342058e-17  0.00000000e+00  0.00000000e+00  1.94376788e+00
  -3.33325227e-17  0.00000000e+00  0.00000000e+00  0.00000000e+00
   0.00000000e+00  0.00000000e+00  0.00000000e+00  1.97612611e+00
   1.28967268e-17  1.94376788e+00 -4.77156753e-17  2.40221834e+01
  -4.17433564e-17]
 [-5.37188828e-17  1.94376788e+00  0.00000000e+00 -5.29393481e-17
   1.94376788e+00  0.00000000e+00  0.00000000e+00 -5.68976153e-17
   1.94376788e+00  0.00000000e+00  0.00000000e+00  0.00000000e+00
   0.00000000e+00  0.00000000e+00  0.00000000e+00  1.17793399e-17
   1.97612611e+00 -4.04560214e-17  1.94376788e+00 -4.17433564e-17
   2.40221834e+01]]
